00
599|162
427|V42
491|250
427|493
250|785
42|276
599|998
202|276
428|250
250|429
250|244
250|401
491|780
786|250.02
403|276
E935|428
780|401
424|424
572|789
599|780
276|?
151|446
530|250
276|401
790|250
414|440
428|593
250.01|300
250|305
428|250.02
518|496
305|496
511|276
682|401
599|401
996|414
414|414
788|285
599|276
295|414
730|428
410|996
730|682
250|V44
276|305
425|424
250.01|664
285|745
799|278
788|276
428|427
591|598
379|250
425|599
250|V12
492|427
401|250
998|285
496|427
E878|443
244|530
285|518
575|553
574|401
428|401
564|789
428|425
413|414
415|453
285|496
281|909
425|428
496|425
276|276
584|496
414|787
424|276
403|295
812|276
V45|412
276|292
244|272
280|V43
414|401
276|424
276|250.6
599|250.02
250|272
42|303
404|428
481|995
276|496
303|401
599|250
427|426
296|250
250|715
250.02|401
428|204
518|411
94|285
300|250
427|578
250|414
427|41
250.42|276
584|285
585|403
136|311
157|285
518|428
401|V10
250|493
682|722
574|560
250.8|730
781|250
250|530
411|401
997|280
577|276
427|401
276|41
342|401
486|276
574|794
707|401
507|787
276|458
427|250
496|780
V43|401
411|424
401|780
536|337
401|414
8|276
780|250.6
564|V12
997|410
255|250
414|403
38|421
453|E878
250.6|?
427|996
424|250.01
599|584
682|707
427|428
569|276
V10|250
V54|V43
428|785
250|V45
276|250.4
411|710
411|276
411|V45
41|414
342|784
250.93|?
250.92|41
189|401
276|V65
414|V45
250|V10
404|276
995|466
275|250
585|276
276|414
997|560
276|486
250.02|493
780|786
584|728
724|401
733|733
402|414
727|285
V58|527
428|311
250|659
403|250.41
507|287
292|250.01
276|599
272|305
354|493
496|250
272|250
250.02|427
250|?
780|584
411|428
295|276
427|424
496|414
425|518
425|403
250.83|707
585|599
560|250.41
434|351
491|250.43
331|250
427|427
410|250.4
861|808
425|585
162|198
511|196
V58|V45
403|585
413|70
428|287
250.6|401
401|285
427|416
250.01|707
486|599
565|250
410|997
427|530
276|790
250|278
79|250
E965|E849
276|272
401|272
425|153
276|244
731|730
427|276
518|38
997|518
574|404
486|250.03
535|280
584|276
250.13|570
413|401
250.52|285
403|428
576|428
585|404
707|403
536|250.6
276|250.02
784|461
340|599
V58|250.53
785|599
573|174
998|428
415|424
250.02|428
410|276
218|401
786|250.01
585|285
250.02|496
250.42|351
414|428
41|402
414|412
276|250
427|414
428|424
584|599
428|250.92
250.6|357
E933|183
197|198
584|403
435|272
294|250
202|728
250.82|276
250|427
787|780
997|427
411|305
486|584
491|719
276|295
112|276
427|250.02
411|278
294|530
218|250
453|342
162|852
250.6|496
403|V10
287|411
250|424
185|275
491|250.01
311|530
614|568
585|250.6
276|V58
426|250
789|428
250.02|569
38|995
585|412
278|413
41|250
276|527
424|287
486|V45
482|250.42
444|403
428|998
280|435
707|682
250|294
411|250
427|496
287|493
250.02|530
285|599
396|397
276|708
303|250
585|707
276|428
491|518
453|486
428|276
788|250
250.01|656
428|250.42
727|727
250|553
250|810
276|780
V63|496
786|496
?|250
414|733
682|V42
276|443
285|250
427|788
491|428
424|496
682|250.6
276|250.1
599|414
401|462
410|401
571|585
724|?
377|428
493|455
304|401
162|486
414|250
428|202
453|444
162|599
496|401
411|492
425|496
799|496
707|707
722|780
413|998
997|E849
486|250
780|412
42|477
510|38
411|996
715|V43
428|428
434|428
189|276
427|786
250.01|272
790|785
250.02|585
682|785
491|682
411|496
250|V58
401|583
789|287
410|250.03
440|440
411|577
836|718
428|707
38|332
285|414
493|250
458|414
276|296
250|722
453|427
312|250
276|410
250.5|362
780|585
625|401
276|427
428|410
682|250
428|486
728|276
157|197
250.12|584
250.01|V58
40|403
196|250.02
344|907
707|428
402|250
784|401
599|428
135|250.01
780|784
424|780
285|272
414|411
294|401
250.02|41
250.13|?
530|535
707|440
427|412
426|414
401|V85
305|305
780|785
780|V43
729|784
V43|715
189|197
584|790
413|272
425|414
518|427
276|783
411|599
425|427
295|303
518|438
413|427
414|493
250.6|427
278|401
707|276
V45|250
518|424
342|250
196|401
427|433
403|250.4
276|728
413|V15
428|496
250.01|996
599|41
276|285
426|250.01
496|997
250.41|707
42|425
276|593
135|466
250.6|250.51
276|263
584|453
496|250.8
425|998
38|427
453|8
715|250
?|?
276|491
425|786
278|250
189|263
584|293
424|410
203|250
787|787
428|403
276|438
348|296
585|784
E888|428
996|276
402|496
197|491
995|599
276|V45
496|781
598|493
496|518
311|250
599|305
303|298
424|491
733|250
584|780
724|250
996|E879
730|41
413|593
276|378
560|244
527|402
250|586
584|585
576|250
780|250
250.51|401
250.83|428
250|365
682|V58
327|401
250|E882
428|599
707|250.8
250.02|719
V63|250
413|412
40|707
112|425
427|599
428|584
433|250
305|250
357|401
428|278
780|780
599|536
820|595
250|438
535|530
682|427
535|455
518|486
276|266
428|435
404|585
562|788
403|424
112|250.12
558|569
250|564
411|425
813|250
250.01|301
285|401
411|585
496|786
728|295
250.03|?
995|585
585|588
599|425
276|586
440|707
250.01|438
434|250.8
410|285
585|729
556|8
682|680
413|428
295|578
786|625
331|780
722|426
427|396
726|274
682|496
428|396
496|599
493|780
434|250.4
518|493
733|250.8
401|427
280|250
295|585
250.02|305
451|276
285|584
250.01|401
599|402
V43|V45
250.02|304
996|427
496|285
680|709
250.92|424
576|38
682|272
681|401
996|263
785|428
710|716
496|428
578|427
782|278
426|726
434|276
198|196
287|197
427|429
255|287
535|250
162|799
280|558
250|459
250.82|250.7
584|428
785|250
250.02|277
518|784
428|491
786|250
518|276
428|414
492|401
348|403
722|250
496|250.92
578|250.02
427|569
997|738
625|V43
585|581
515|455
998|250
599|681
412|414
577|562
427|492
276|E932
780|512
263|250
707|263
276|273
584|427
493|327
553|568
8|458
788|295
276|558
512|E878
397|402
710|599
411|285
411|427
599|491
276|8
428|413
250.41|585
530|401
411|584
401|413
427|425
202|427
428|535
428|348
482|414
250.6|337
428|997
276|70
440|428
458|401
527|414
996|682
286|276
560|276
202|515
584|250.41
571|710
E816|E849
E888|250
250|41
780|428
682|41
401|244
599|507
578|295
599|530
428|575
707|731
276|584
486|427
453|491
780|426
250.11|272
453|780
V42|401
428|404
204|496
599|294
250.02|682
434|997
998|560
368|784
780|599
287|780
425|250
411|518
799|486
280|250.02
8|401
428|780
518|348
198|599
250.11|276
276|403
38|403
272|401
997|584
250.01|780
250.02|786
515|250
585|272
427|410
250.51|250.6
198|250
276|577
411|250.01
250.02|584
648|659
250.01|278
805|403
428|285
250|311
196|410
250.03|405
244|250
682|70
560|401
584|558
250.42|710
648|663
496|250.01
492|70
411|412
280|V14
403|V45
276|515
707|41
276|288
530|278
?|401
585|682
998|780
456|285
250.4|583
250.02|276
424|278
427|V12
574|250
577|341
511|428
453|799
250.02|799
218|616
438|401
731|250.6
285|491
585|681
427|728
276|250.01
V58|250
250.83|E888
433|414
786|276
427|585
575|276
428|250.01
427|244
599|E817
945|402
438|799
414|443
593|726
486|493
722|998
414|427
599|823
780|272
600|250
402|413
599|204
575|250
581|V45
434|781
414|426
414|250.02
556|414
424|425
428|402
250.02|599
491|585
250.02|79
276|250.8
599|496
305|401
496|458
380|414
428|411
E849|401
401|9
428|585
410|250.6
585|440
401|250.02
250.01|591
599|785
289|250
250.02|272
424|225
348|305
426|427
482|276
648|250.91
496|790
300|301
250.02|738
593|276
305|?
584|788
780|496
707|785
250.01|575
780|191
425|493
410|427
728|780
250|285
426|780
V42|276
427|584
204|414
682|873
276|V15
41|41
422|291
250.41|403
427|707
V62|309
496|280
728|599
250|402
250|693
590|276
493|427
560|493
250.01|V42
578|710
311|V62
707|427
785|8
518|285
599|V12
427|518
305|491
493|250.6
428|41
427|250.82
682|715
305|250.01
197|197
172|414
491|305
433|272
491|459
E888|414
428|250.43
41|276
508|490
E885|E849
578|428
410|202
412|V45
451|401
285|714
202|E885
780|443
715|401
486|491
70|250
599|707
250.92|682
726|719
285|997
424|250
250.51|244
648|648
581|403
112|250
453|872
578|250
441|427
789|787
411|414
571|456
997|780
812|811
996|780
996|413
611|401
70|714
250.6|558
250.02|278
511|281
592|427
707|599
786|414
784|433
250.01|402
599|427
294|225
789|572
996|250.02
585|780
577|428
518|599
707|250
998|276
250.92|285
491|427
578|285
753|250
189|199
V49|250.8
428|277
250|280
585|443
998|614
585|428
453|250.02
V85|414
585|424
805|424
715|782
518|402
250|331
162|496
723|250.6
491|998
496|707
780|250.8
584|8
730|999
711|41
250.01|276
287|782
250.01|568
786|295
599|585
571|486
799|428
428|515
599|786
293|?
599|250.01
V12|272
560|196
V42|511
41|V09
486|162
53|250
413|425
820|250
403|250
250.01|496
535|V45
807|401
250.02|414
424|518
410|403
276|E826
558|162
275|712
428|466
411|410
292|304
453|401
E932|599
518|250.6
511|425
428|518
250.5|337
491|250.03
491|425
785|151
715|278
780|295
285|715
729|250
424|402
198|507
412|250
427|272
496|998
707|250.6
305|E849
648|250
376|360
584|331
518|250.02
799|250
E878|428
E944|386
428|511
250.01|654
424|401
493|V45
426|584
276|493
998|997
427|397
507|263
780|250.01
276|707
343|250
411|340
411|244
295|780
524|250.92
599|403
285|562
429|401
41|272
578|311
486|585
707|571
496|70
394|250
428|250.8
560|250
581|250.4
402|443
591|493
491|276
250.13|278
250|V15
E885|401
707|V12
458|272
552|280
411|707
574|411
276|791
309|414
730|707
250.01|493
682|276
518|404
440|250
511|401
584|E947
440|443
648|250.01
599|278
250.5|250.6
496|276
599|8
427|285
276|585
491|244
427|V72
250.02|V10
396|414
276|453
282|496
280|305
844|250
284|205
592|591
425|250.4
466|250.5
426|428
424|403
790|41
250.01|427
401|716
250.01|287
593|V15
996|599
492|250
376|250
508|593
493|518
444|337
411|250.6
414|272
424|781
250|389
440|730
V12|412
205|V42
491|250.02
533|250
285|E885
424|414
250.02|433
707|507
403|996
276|519
455|244
486|511
276|574
424|530
304|250
413|433
996|E878
401|512
440|585
295|V58
397|394
287|427
491|416
491|466
414|E879
785|681
402|250.02
466|79
E879|272
411|429
V85|174
496|349
428|250.03
491|303
584|337
250.02|641
562|535
413|424
568|250
428|E849
285|727
785|427
491|486
598|605
250|716
425|569
396|584
250.7|440
428|V45
518|250
250.11|305
459|780
162|199
427|682
296|438
530|414
E885|496
599|198
8|266
250.6|813
244|?
428|423
250.13|473
V45|438
V63|427
401|305
424|428
303|437
799|E939
250.02|571
410|428
413|250.02
197|560
496|244
727|401
998|250.6
584|300
601|250
411|997
601|401
305|250.92
250.02|V64
280|424
428|493
427|250.8
135|401
486|707
618|617
276|250.92
410|413
466|305
V85|278
70|571
585|873
599|E888
558|?
536|357
250.02|295
250.52|250.6
428|465
414|599
724|332
493|V42
569|568
250.02|642
386|414
682|V44
292|E939
438|997
424|427
707|808
440|785
840|726
512|157
250.01|724
998|E879
250|V43
286|518
401|276
584|V85
369|493
780|331
571|401
38|428
790|250.02
780|781
403|425
285|789
427|250.01
715|285
681|41
V62|250
295|427
211|535
303|280
997|788
518|491
8|788
403|486
401|250.6
250.2|495
250.02|558
518|789
786|721
429|428
424|396
724|250.6
250.42|250.52
718|715
998|E870
211|401
571|70
729|458
349|276
197|496
780|414
276|726
591|427
995|682
263|466
491|799
250|V17
425|397
286|V12
250.7|443
780|V45
414|416
707|344
250.7|518
250.4|403
189|198
378|250
585|496
301|427
402|428
585|250
786|785
722|401
574|396
250|664
V62|493
414|423
250.02|244
410|414
V12|250
584|424
780|294
571|275
861|E819
995|38
250.02|425
250.01|997
785|401
250.52|401
427|799
998|584
577|577
V45|250.42
287|250
250.01|511
481|427
490|799
276|287
E888|396
493|276
276|998
590|41
250.41|250.6
682|428
V42|753
786|799
584|202
562|250
491|162
496|733
V12|305
599|218
453|250
250.6|250.5
250.02|411
411|250.43
197|585
413|250
707|491
727|250
285|70
446|250
593|332
285|477
515|707
250.6|596
584|933
493|295
715|826
156|599
250.8|272
411|250.02
285|813
611|250
789|998
403|198
285|347
428|8
414|112
285|428
780|574
428|782
478|250
340|323
349|250
250.6|250.7
303|715
V49|250.6
799|414
585|250.4
250|729
250.12|599
585|263
285|V44
428|294
428|440
491|410
414|244
574|276
496|255
515|491
292|276
V12|401
285|998
571|E885
998|250.51
627|244
511|799
403|427
433|782
496|511
786|427
303|276
438|V57
437|403
348|379
682|250.5
461|276
250.51|278
401|458
420|411
998|578
342|427
411|272
535|401
V45|403
786|518
250.4|585
428|164
295|493
242|427
575|305
786|438
295|250
401|593
682|998
285|357
309|301
574|518
458|599
298|?
584|511
365|564
250.02|607
481|584
276|V43
277|486
784|478
794|401
440|250.6
707|260
599|443
291|303
344|518
425|V45
413|440
285|790
787|272
585|250.42
428|386
453|453
486|428
403|250.6
250.8|357
295|614
250.02|285
428|250.4
511|789
162|197
E880|410
707|327
627|V18
574|403
397|428
440|401
573|250.01
272|272
276|530
572|571
584|250.02
682|250.03
459|250
518|625
280|625
491|198
519|272
571|287
648|V27
250.8|417
250.01|433
496|301
496|519
250|465
577|536
276|785
250.01|787
599|599
543|250
414|338
431|342
710|428
250.01|?
250.02|331
491|278
286|511
571|250
250.02|V58
599|426
440|V44
280|250.8
427|386
518|584
204|337
305|296
514|401
287|572
427|873
535|41
112|401
486|38
996|403
250.92|729
425|332
263|276
303|311
402|278
250.02|263
34|244
425|401
496|V15
428|574
518|707
250|345
70|786
202|250.8
458|458
153|424
599|295
998|568
453|297
486|285
112|756
583|581
250.6|536
410|491
E853|965
518|996
599|285
709|250
250.12|250.52
79|585
398|397
425|70
201|198
486|V10
401|530
729|745
411|794
536|403
518|780
V72|401
276|536
411|203
276|110
38|486
428|280
280|626
707|250.02
425|250.02
535|428
413|292
591|183
592|599
305|414
295|411
70|287
284|428
411|333
250.8|401
305|V15
250.02|787
424|135
491|584
682|E878
403|272
V45|V45
410|486
511|427
493|244
427|780
733|425
496|996
38|197
575|558
459|443
998|496
403|250.01
496|782
786|401
197|576
276|331
562|428
491|401
401|345
958|250.01
584|250.01
790|403
E942|E942
284|414
250.22|276
250.01|V15
162|263
574|414
426|276
787|250
486|438
285|250.92
518|482
278|?
414|250.6
584|V58
414|496
789|414
560|789
428|722
701|250
425|396
411|250.41
250.02|780
518|593
285|458
780|305
443|250
553|789
250.02|424
496|461
552|250
866|401
276|591
518|425
280|599
733|250.01
403|?
616|568
682|599
493|401
707|496
428|507
290|348
276|278
746|285
250|574
331|414
567|574
396|784
274|250
496|284
401|V15
415|723
496|E885
V58|305
250.1|276
599|457
280|414
714|250
780|290
250.02|577
401|278
496|403
266|396
465|461
250.01|311
998|426
493|959
433|368
V85|250
435|443
707|301
923|E885
788|781
496|305
401|V58
557|560
595|276
401|727
276|197
412|250.02
135|428
V58|780
790|490
595|715
786|794
425|481
211|250
682|250.02
443|V45
780|427
402|V45
250|721
250.12|305
250.6|681
272|564
722|414
287|276
401|729
599|70
428|715
112|736
730|440
242|435
253|562
998|680
250|274
40|585
401|464
349|112
996|719
486|410
E917|790
440|403
250|300
427|486
997|428
998|998
437|250
427|998
342|433
591|403
574|575
458|530
518|821
482|428
V42|250
425|491
593|250.6
577|790
571|427
788|599
558|250
V63|578
428|426
707|730
285|531
250.82|718
411|530
427|280
11|420
280|787
153|250.02
288|287
789|250.02
70|577
790|428
250.02|593
250.41|276
403|788
515|280
282|333
411|403
790|571
285|618
577|250.6
263|574
427|787
426|250.02
728|250.6
599|287
415|401
403|593
263|438
493|787
272|530
724|244
512|250
V43|V58
276|425
805|920
401|412
250.82|731
428|V85
411|437
571|250.01
305|304
553|276
198|198
285|250.52
805|780
786|V45
821|E812
511|250
486|780
403|309
585|250.51
996|493
715|244
197|401
585|427
591|401
276|786
492|997
518|585
263|290
394|427
466|780
584|456
453|599
585|250.43
276|154
723|250.1
518|998
135|250
276|518
250.81|791
619|250
397|424
250.8|682
280|V13
276|332
577|305
411|402
427|714
434|599
V63|438
285|250.01
250|780
426|E817
150|276
250.03|287
428|135
285|V54
304|305
E927|E849
604|401
799|E932
599|733
491|287
850|511
714|278
427|348
293|287
799|567
425|433
599|788
607|250.02
410|250
250.7|707
250.81|707
496|411
786|278
403|847
38|567
491|197
425|280
428|295
682|357
427|250.92
577|250.02
515|332
599|486
250.03|276
512|V15
8|787
204|585
599|784
794|530
507|250
V42|412
276|V14
285|707
512|998
250|704
516|162
V45|496
276|198
250.02|131
496|272
E917|891
713|327
575|787
585|V45
E812|786
486|404
584|560
785|682
250.01|426
491|70
577|250
250.43|403
403|780
682|250.7
138|199
463|?
486|575
244|490
789|250
458|276
303|560
519|414
411|491
155|491
707|424
599|995
196|250
682|V45
427|162
250.01|383
413|721
286|250
413|305
794|496
411|466
721|250
682|995
444|599
250.01|440
496|V45
746|272
394|433
250|518
433|342
789|276
998|280
507|478
428|416
599|437
E878|453
424|E932
319|401
451|414
466|518
250.92|413
496|250.51
295|305
584|425
535|276
295|272
682|437
428|807
682|287
788|V12
536|276
553|560
38|584
707|70
198|569
425|276
584|250
785|285
799|427
536|272
729|272
821|250
285|438
410|E935
V58|?
536|41
788|596
403|429
411|784
250.03|999
427|286
466|250
447|250
250|593
438|438
486|416
518|511
493|492
496|441
995|281
443|707
599|724
285|733
781|682
465|V08
574|412
572|287
997|411
997|486
250.02|443
250|V27
997|511
427|566
491|202
287|285
436|342
496|300
198|721
42|577
250.92|402
427|593
250|710
518|413
280|707
710|276
415|250.02
197|276
686|41
560|569
276|461
787|693
599|571
591|593
250.92|427
250|443
250.01|411
427|568
423|511
250.01|413
411|300
155|250
162|396
564|250
584|401
567|599
566|250
428|786
707|250.42
601|250.01
332|296
486|462
293|280
585|491
357|682
427|V43
998|218
518|E888
584|250.6
716|414
585|278
535|786
411|786
486|138
591|585
427|995
288|E933
599|601
780|535
205|250
250.02|998
435|446
427|411
584|278
401|599
593|427
427|553
552|997
883|585
410|424
300|E950
959|E885
287|455
281|250
813|427
741|719
599|997
331|427
413|285
486|789
510|250.6
486|518
427|790
581|250
40|38
280|401
595|618
398|427
V23|648
604|599
250|296
197|428
805|337
428|340
441|496
276|996
295|342
599|250.6
558|558
342|276
396|404
414|996
958|945
42|305
680|693
701|478
285|250.02
424|41
403|584
280|518
599|250.8
562|401
535|403
997|682
197|196
263|599
584|250.53
785|707
202|425
491|V42
590|205
786|458
V45|250.4
998|E888
250.7|276
496|342
511|250.4
250.01|342
250.03|41
250.02|70
707|414
250.81|250.6
599|280
440|995
250.02|825
411|250.03
996|250
428|682
491|295
250.02|?
790|401
490|401
276|282
293|682
340|305
789|788
564|401
276|724
569|250
723|721
486|465
591|250.02
272|599
280|562
511|518
250|346
599|272
842|807
304|250.6
38|410
358|728
411|303
414|413
250.6|276
781|250.6
285|311
162|428
575|496
934|466
403|599
531|276
998|250.02
276|311
584|305
285|569
300|294
788|401
250|110
299|250.93
295|250.02
486|414
625|250
728|284
276|571
486|425
736|427
599|492
780|303
396|515
845|E885
340|812
427|710
785|250.7
507|496
197|280
250.02|491
577|304
590|401
592|276
571|572
682|730
412|401
295|425
276|511
403|795
427|789
440|250.41
250|496
202|285
995|428
714|733
998|196
578|790
424|441
997|E888
280|428
728|786
153|197
581|250.5
617|218
447|414
780|E850
250.82|263
493|590
453|197
599|591
492|784
428|253
998|581
250|648
724|344
428|V10
E932|401
250.82|574
682|V85
786|780
428|250.82
496|38
574|427
719|599
403|368
496|V42
599|560
250|112
486|250.02
250|343
434|443
278|781
584|997
V42|70
490|785
401|787
432|486
553|250
410|599
305|728
368|414
648|649
790|276
250.2|276
403|250.02
585|396
414|562
714|729
276|275
250|486
599|297
411|292
560|564
575|285
301|276
70|280
710|401
517|333
599|284
626|250.5
V64|250
250.92|272
280|369
584|157
253|648
585|E930
436|781
196|611
250.41|583
296|313
414|185
250.01|414
250.03|211
411|250.8
496|296
518|V42
196|196
404|250.41
707|780
426|401
403|453
998|618
518|304
426|V45
8|278
558|458
E878|401
250|413
276|150
578|286
486|785
V54|V54
584|458
?|496
486|402
250.5|414
599|413
428|492
726|716
490|414
250.01|681
250.01|786
590|601
250|332
486|401
E932|465
413|786
440|429
352|493
593|250
242|599
250.02|V12
682|413
486|424
410|263
799|491
568|512
585|786
263|250.02
434|799
413|729
425|429
250.02|296
V63|276
682|V10
276|426
620|616
327|250
250|342
571|511
250.01|793
428|196
202|414
924|250
453|204
427|V58
584|784
682|731
211|414
441|V45
969|780
413|250.01
303|571
346|311
331|250.52
599|201
555|250
845|428
416|428
403|414
496|250.5
518|401
413|531
440|241
250.93|518
493|438
286|414
707|459
518|250.53
V58|401
427|781
401|V17
202|E933
285|276
789|491
998|202
V42|403
530|296
591|590
518|250.92
458|305
275|272
250.83|?
424|342
413|V45
250.6|733
250.41|250.51
784|250
511|424
793|250
682|728
250.82|584
V45|425
996|411
622|305
428|E818
459|427
401|366
492|512
424|397
250|696
588|276
715|305
416|414
280|789
459|402
401|311
117|112
599|790
401|342
453|682
524|525
567|491
278|530
312|462
424|244
756|401
250.03|427
427|?
584|575
428|733
826|E916
808|496
V10|401
491|458
481|250.92
719|250.01
780|831
292|427
427|294
585|V42
V43|272
432|788
401|600
560|41
746|424
V42|288
648|642
599|459
E849|250
197|414
599|311
492|787
584|518
493|414
584|275
401|719
345|276
276|440
424|786
710|707
413|278
284|401
427|997
155|E947
512|427
707|V42
515|496
396|997
997|431
493|305
569|496
303|998
453|286
585|414
511|157
38|996
V44|414
250.12|41
172|571
725|250
E878|285
536|V45
344|599
285|585
585|437
507|38
250.83|536
285|780
285|403
305|790
397|434
496|396
486|396
250|998
250|319
380|238
458|250
428|V58
276|E942
263|707
782|E932
424|204
799|276
250.8|404
276|466
250.41|584
496|293
794|250
305|311
428|250.5
994|465
599|710
799|V58
425|402
738|722
250.01|530
451|453
196|584
250.42|581
428|244
414|250.92
571|535
427|515
E887|300
428|112
626|250
424|432
255|179
94|403
276|135
812|250
276|342
424|599
427|E932
433|425
518|112
401|300
491|530
784|E942
590|303
327|466
784|787
E936|250
250.01|V45
416|401
299|493
780|250.5
285|799
427|782
871|401
799|V46
642|648
198|401
511|515
789|780
196|174
197|158
707|E885
428|799
427|511
E878|305
595|599
332|401
427|E888
536|535
?|428
197|296
728|496
403|682
410|411
444|707
411|189
998|571
279|496
285|244
496|250.02
490|305
682|682
250|V86
276|V42
435|427
428|790
486|590
577|263
250.7|428
401|331
250.01|428
242|250
426|824
648|647
357|250.52
287|824
356|402
682|204
276|782
38|276
780|256
112|428
996|552
250.41|413
780|611
188|199
250.01|715
250.42|403
157|427
276|38
584|287
438|250
682|584
250.43|250.6
294|V62
599|731
682|425
707|784
807|834
681|V58
997|403
518|403
135|285
413|492
250.01|908
710|515
E817|305
680|41
250.01|E928
435|491
573|280
486|490
796|250
411|438
70|285
573|414
305|681
428|578
427|560
996|428
518|V45
250.5|250.4
444|250
354|250
786|211
788|305
435|493
780|342
205|285
438|599
682|704
507|348
617|250
276|788
425|486
V63|372
V54|V45
276|79
198|250.02
250.6|250.41
493|79
426|426
300|V43
568|204
413|496
280|570
427|404
276|153
786|530
204|433
584|250.42
424|250.02
707|378
41|331
574|496
799|411
V09|401
599|745
428|E885
451|733
410|518
403|459
507|250.01
251|E932
8|507
444|V42
250.6|250.42
425|305
733|564
530|280
250.13|276
276|560
250.81|286
682|585
250.12|493
244|782
611|413
414|728
788|443
V10|692
733|185
38|518
162|196
204|276
427|287
428|157
486|263
519|250
202|293
721|716
250.02|574
300|786
250.02|242
280|276
577|112
996|998
345|530
789|571
456|427
581|404
578|280
162|272
250.41|250.7
575|424
427|278
205|682
285|820
496|416
203|284
428|867
427|403
473|780
599|153
850|403
492|V45
584|41
584|277
599|726
437|401
415|428
174|250
263|428
784|729
250.01|298
202|453
444|427
250.6|41
585|569
996|790
577|250.53
491|515
344|41
196|188
723|719
402|429
280|584
451|V42
496|571
507|250.02
295|295
276|787
649|296
403|V12
996|496
266|428
585|250.02
446|433
996|585
424|568
786|402
728|244
335|250
285|410
V18|V17
250.02|997
785|997
428|717
999|496
355|250
518|515
250.01|V43
724|724
112|131
307|276
518|560
429|250
396|250.03
515|599
593|493
443|250.6
496|585
E906|250
719|401
112|578
270|414
293|596
411|242
428|996
680|585
411|250.51
401|496
942|943
781|794
434|378
V86|780
427|453
424|218
584|786
518|785
162|427
496|682
706|250
276|382
403|591
276|162
493|584
296|401
786|289
285|E849
402|426
424|585
250.6|414
599|263
518|414
345|584
250.02|E932
438|959
305|291
998|682
V15|401
250.6|781
401|250.4
453|455
413|599
250.01|41
592|788
443|401
722|425
617|626
280|535
E942|780
805|427
276|437
780|403
558|401
284|403
997|250.01
401|V45
250.8|707
707|735
285|287
250.6|428
272|493
707|698
305|413
250.13|V08
790|414
789|786
707|274
428|397
599|344
493|493
440|414
250.13|112
707|348
707|595
788|787
250.6|424
196|198
396|250
368|250
427|507
585|531
584|528
414|429
250|266
507|780
238|300
789|338
434|424
427|295
250.22|599
486|995
41|780
427|491
599|424
564|276
79|535
287|648
707|787
401|396
511|496
557|568
486|496
584|V15
411|576
263|496
303|287
250.82|287
410|496
787|401
496|348
511|280
276|286
785|250.82
V15|305
724|185
781|784
574|997
196|285
304|738
250.03|401
593|518
266|250
403|413
276|594
278|V58
511|250.01
438|276
403|250.42
V70|496
585|458
403|304
425|250.01
154|788
V62|272
428|293
386|250
196|211
211|562
250.92|786
411|511
844|E880
250|719
998|V85
584|686
996|733
285|412
511|512
537|250.13
295|530
293|250
413|250.4
V45|V10
785|567
42|78
787|729
584|577
411|515
578|401
304|996
E885|250
311|278
530|427
250|714
135|517
305|532
428|38
524|584
250.02|701
V10|V44
250.92|600
403|41
?|V43
276|290
V43|599
428|415
414|682
348|V42
253|276
723|V15
263|584
530|715
280|250.42
250.02|429
574|574
300|311
599|756
V42|786
482|250.02
786|443
531|250.02
307|305
276|991
276|729
799|528
572|576
860|807
416|427
286|571
250.22|577
892|250
515|53
250.03|965
V42|402
682|403
250.01|799
536|401
282|250
285|41
491|426
599|518
198|V10
786|493
710|496
250.01|599
585|453
438|590
444|414
428|727
277|250
805|913
272|414
805|802
342|250.6
250|V60
285|493
576|575
398|250
599|E885
530|?
276|112
260|518
730|584
403|250.5
530|562
250|724
786|285
599|799
278|272
435|250
424|275
305|295
805|250.6
94|276
569|428
836|715
786|786
401|280
V15|250
519|428
V15|?
304|296
756|346
425|413
8|535
560|996
428|242
250|373
296|309
348|401
285|573
491|250.82
250|356
530|338
196|427
331|294
780|733
599|V60
276|298
682|593
590|585
290|562
794|272
496|273
414|202
386|V12
436|427
625|599
496|135
682|E879
707|285
276|595
577|599
515|403
305|564
401|411
403|583
584|197
599|346
573|255
682|711
458|558
410|E885
255|250.4
8|327
425|303
786|428
440|425
V15|V12
492|428
531|285
998|518
491|599
724|272
V45|414
250.6|412
516|414
524|729
114|305
518|997
242|414
426|403
250.13|787
507|584
255|424
427|V10
V14|V14
995|707
250.02|300
401|296
599|E816
560|465
426|425
280|311
E939|715
584|486
783|788
250.02|535
280|218
V18|?
428|198
571|599
433|440
348|276
707|272
786|272
577|162
812|E849
250.42|424
397|398
204|424
707|250.81
250.01|729
428|185
730|997
789|V58
492|410
403|784
530|786
242|426
305|V58
427|719
998|424
?|346
42|250.4
250.01|296
250.02|342
428|E888
486|275
588|585
518|518
414|250.5
396|433
486|453
250.81|584
998|278
250.6|403
584|250.7
276|784
276|917
591|592
250|600
276|578
250.6|250.52
518|507
276|997
571|573
203|453
516|515
359|401
424|535
411|V42
342|438
585|250.8
496|402
682|244
250|386
424|285
41|530
814|458
397|396
38|599
276|433
997|599
305|276
38|731
285|250.6
424|799
401|E888
530|276
202|250
286|305
218|626
496|787
486|998
424|V49
250.01|E812
360|401
250.13|782
414|402
276|535
530|780
V64|280
455|455
E849|E966
273|276
433|784
585|785
501|272
426|285
70|446
466|244
342|414
8|599
285|530
358|496
285|425
305|301
8|250.6
616|286
198|276
285|211
403|496
616|707
296|530
197|250.01
730|731
584|404
284|250
401|?
794|414
496|569
511|414
596|250
486|403
434|342
403|250.12
599|493
733|401
658|V23
584|493
402|424
568|250.02
496|995
507|189
780|464
250|661
250.8|681
250.6|295
729|429
571|250.8
568|289
192|401
681|250
496|282
785|486
250.32|496
287|428
618|250
462|?
287|250.02
414|294
427|V45
250.03|782
466|197
410|277
324|427
552|V64
578|41
290|437
618|618
250|355
287|599
250.02|592
465|250
788|V72
201|250
516|413
250.13|403
518|292
276|242
70|?
805|295
79|278
295|401
284|204
250.01|285
288|250
266|403
272|294
441|287
250.92|278
295|282
682|154
413|585
289|250.8
V10|493
999|285
496|E884
397|294
426|486
250.02|466
70|250.01
250.02|303
442|V45
562|300
786|V62
780|276
598|788
780|162
781|401
196|272
E878|41
997|250
403|211
V63|401
562|553
428|576
290|276
719|786
428|571
584|536
618|788
584|799
250.4|250.6
250.02|616
292|486
599|787
337|511
511|560
707|197
786|584
428|250.41
511|788
250.02|117
723|278
287|515
V85|263
300|300
162|250
V63|682
627|414
331|343
996|730
491|414
203|401
250.6|250.43
584|996
571|285
289|401
599|578
466|285
453|358
303|780
780|V12
174|401
682|305
451|250.02
530|272
398|396
850|250
V15|112
486|305
295|250.01
584|266
403|278
425|492
411|746
250.12|276
905|?
378|368
250.82|428
135|263
481|41
428|922
493|713
E927|401
511|780
599|473
995|434
415|157
250.02|V15
251|599
710|517
799|?
998|250.01
427|305
584|491
648|665
250.82|707
511|250.02
140|787
?|780
V85|786
491|285
486|413
410|444
295|491
553|244
403|707
427|318
294|296
820|707
722|285
424|305
70|305
250.41|428
891|250
907|?
707|250.7
250.02|V43
V62|301
42|428
250.11|403
138|E885
493|250.02
413|263
411|396
250.92|490
263|923
733|250.03
595|403
410|V42
414|786
648|654
204|401
424|492
578|578
428|999
V63|414
303|305
789|?
569|558
574|38
493|?
E942|424
780|729
599|250.4
442|250
790|V43
V43|250
41|401
300|V45
486|V64
707|584
530|530
989|250
780|682
276|250.03
728|427
493|786
250.6|416
403|285
425|V10
996|V45
413|518
425|784
304|786
276|280
285|E956
873|599
280|403
493|272
112|?
305|250.02
425|404
250.53|250.43
V42|444
682|786
263|808
433|599
38|404
287|571
286|786
593|298
428|70
438|188
V85|401
V85|511
438|729
285|996
402|728
865|V85
250.02|437
427|233
599|319
493|486
578|496
435|438
403|396
403|E885
356|401
250.02|413
584|189
473|346
250.03|787
344|724
276|446
404|496
428|292
250.02|157
250.01|585
996|V14
427|250.6
780|788
785|286
287|401
787|424
455|250
348|998
296|437
701|V18
995|453
327|272
782|593
285|285
250|786
496|250.42
571|331
276|920
250|412
869|599
70|427
276|250.52
428|433
493|300
250.01|911
552|?
E924|682
515|416
496|813
571|789
238|780
788|250.02
276|693
781|437
783|250
250.6|433
780|343
642|250
491|272
698|E946
153|198
560|42
850|599
345|162
787|285
996|530
591|287
294|348
V46|428
414|466
295|285
285|E884
277|440
707|585
812|802
284|599
276|299
423|414
V45|453
70|286
276|203
276|742
583|276
V85|380
427|V15
427|342
V10|733
780|413
437|573
250.01|722
286|496
342|729
428|286
427|716
303|V64
428|357
533|276
681|403
515|714
E888|E849
733|208
250.02|287
788|349
250.01|424
250.01|956
496|202
263|V12
242|585
707|694
293|250.01
440|412
496|584
536|789
242|496
496|486
815|E812
427|458
403|331
250.83|V42
250.03|571
305|962
496|424
486|197
276|250.83
682|250.92
590|591
427|459
733|722
276|411
569|434
401|372
789|199
493|287
276|294
909|E879
428|596
428|250.7
438|723
599|250.03
493|515
185|244
781|278
272|V15
287|573
411|998
153|997
250.5|276
285|719
799|401
512|428
413|708
414|250.01
425|V12
250.82|V58
8|792
153|594
280|211
585|486
414|571
425|780
574|272
782|511
154|V44
428|501
413|250.6
996|453
414|530
558|285
491|411
250.8|427
518|250.01
303|346
585|287
965|296
349|250.43
274|715
496|444
682|741
584|562
250|276
38|707
434|427
150|530
569|414
570|276
V42|250.02
515|783
238|250
202|281
250.02|396
250.7|493
682|304
V43|E878
515|401
599|V42
715|V15
428|V53
250.02|728
997|426
531|263
453|403
707|E929
290|596
493|465
413|250.52
285|V58
785|438
428|201
198|427
522|274
250.01|660
599|410
496|287
276|V64
496|799
410|434
284|571
786|424
998|444
601|V55
512|584
401|343
295|V15
438|V08
V42|250.8
493|564
713|707
576|427
573|V85
591|599
413|304
515|396
312|312
578|536
349|723
560|518
728|401
512|496
296|300
569|792
868|958
172|250
788|867
682|250.01
202|250.02
425|250.6
285|255
496|250.41
924|319
486|478
599|557
599|?
239|250
250.03|250.83
203|599
511|486
998|403
428|305
285|823
285|V64
585|578
952|344
537|285
298|301
348|162
590|250.02
196|455
959|250
486|202
197|427
707|493
291|296
250.81|276
995|276
250.03|643
426|568
403|493
423|998
788|790
428|536
575|401
250.51|362
780|424
285|V43
276|792
389|786
780|250.02
496|440
792|780
496|E932
995|153
682|414
788|428
585|511
287|414
518|305
358|276
285|553
293|458
648|250.83
567|584
491|496
262|V10
682|518
250.01|425
787|564
294|428
493|70
198|172
599|996
250.42|496
443|414
250.52|411
438|331
584|250.8
386|401
453|424
511|396
473|473
261|805
558|250.01
250.13|577
V62|401
707|E878
411|447
648|401
E885|788
560|428
785|518
729|729
585|401
805|923
790|491
780|458
250.02|576
E934|496
722|244
599|515
54|402
V58|V15
204|250
996|721
250|V85
453|496
428|446
707|710
591|250
577|787
V54|922
250.93|780
599|V58
511|197
E854|414
585|397
250.01|733
402|276
599|333
250.02|737
41|V43
573|577
602|596
998|453
560|402
42|202
396|416
276|284
42|304
496|515
303|569
414|V58
799|518
276|796
785|560
493|424
648|646
420|428
197|552
41|784
682|997
491|250.92
891|E849
786|V15
617|617
250|490
E879|411
V58|296
41|693
250.02|794
300|401
786|585
568|584
331|518
278|593
70|250.6
196|786
435|414
788|605
276|799
198|496
710|135
780|296
162|250.02
576|573
150|70
424|412
594|493
568|553
294|244
518|V16
473|250
716|250
285|455
427|562
263|265
285|250.4
294|414
802|599
780|41
599|703
812|401
486|733
198|162
250.93|648
V42|599
465|780
38|415
493|250.1
70|413
784|250.8
250.02|241
552|278
491|250.6
112|569
724|727
250.02|378
730|599
250.01|998
789|438
145|285
403|433
202|V62
?|V45
250.02|453
823|250
493|579
288|E947
403|412
V45|305
425|999
599|596
413|202
276|682
599|286
428|272
275|303
571|305
276|17
792|401
599|250.82
250.03|V58
750|414
203|288
585|E947
112|E942
998|625
403|E947
202|250.6
492|183
722|V45
70|296
999|790
197|571
711|250
403|998
426|305
571|571
294|397
285|338
157|401
41|682
428|V12
250.01|331
922|923
518|519
V45|584
41|250.6
782|402
599|292
276|250.82
571|284
542|V64
486|204
998|905
799|41
515|70
263|319
730|94
596|428
924|E816
584|730
277|285
285|736
215|250
250|562
135|425
196|V10
608|493
518|722
999|999
496|592
584|578
70|414
E928|E849
802|800
578|491
710|414
482|491
785|403
345|401
781|250.7
807|E888
585|781
535|285
314|301
453|707
595|560
733|278
781|424
614|218
530|319
786|704
785|250.8
599|458
285|427
802|285
293|425
722|280
250.02|729
41|250.7
426|V58
197|V10
428|250.52
458|428
424|486
427|413
278|305
723|250
338|401
323|41
427|300
786|486
79|287
620|614
557|427
305|272
401|426
410|707
592|592
820|427
250.12|296
569|433
414|593
496|442
571|303
427|794
722|250.6
518|728
411|493
V42|785
571|295
403|410
998|599
276|358
250.03|496
518|569
332|428
386|437
V10|V10
292|440
590|595
413|V10
250.01|V12
733|?
403|250.82
784|414
729|424
255|250.8
730|250.82
V45|428
250.13|458
737|715
785|429
604|250
493|599
821|428
585|V43
262|997
723|729
584|521
300|278
496|354
572|584
591|584
434|782
682|253
410|396
481|276
250|492
411|780
571|E933
368|300
788|250.01
250.53|250.6
309|V61
438|428
552|518
V57|410
780|453
250.01|295
425|511
250.13|425
716|401
198|493
997|38
825|250
682|486
427|430
300|785
V42|518
584|507
813|733
278|564
584|707
807|427
410|785
553|530
621|496
569|567
808|808
852|250
560|289
333|250
618|625
493|710
456|573
414|250.8
V42|428
276|576
486|277
873|E849
241|250
820|812
860|401
291|250
250.82|413
780|441
577|578
511|138
278|414
577|585
E870|250.01
428|721
288|790
305|V08
507|784
291|724
717|250
E888|564
275|414
401|493
784|?
242|276
491|135
599|682
781|724
34|250
788|414
511|403
305|428
285|535
250|501
567|446
413|443
998|790
440|272
E878|427
276|995
250.11|590
998|727
284|556
453|276
788|V43
427|238
E888|719
910|916
577|780
411|202
585|425
622|414
410|V45
349|250.02
263|403
185|601
486|411
287|250.9
493|358
344|596
784|345
722|564
154|401
558|722
V42|997
250.02|995
250.13|518
680|276
403|581
486|303
278|457
821|496
715|781
250.01|781
958|428
536|584
574|292
571|276
296|428
599|397
578|276
564|250.8
569|401
515|276
530|211
812|715
276|396
E888|225
294|365
530|585
250.11|244
304|304
250.02|V45
519|401
782|250
250.02|518
276|304
723|784
157|518
285|758
453|428
729|274
595|401
585|518
592|410
456|8
507|E955
413|794
70|276
428|784
682|285
250.02|753
E849|285
592|998
278|277
721|401
787|438
397|824
294|332
569|562
433|433
496|710
424|522
203|496
250.01|V23
707|438
294|311
586|276
250.92|401
599|729
599|293
594|788
403|V42
V42|162
276|592
428|412
788|E879
682|278
348|707
707|786
458|250.8
707|799
362|389
424|730
413|250.41
568|401
411|535
427|202
593|401
790|358
432|426
491|473
780|332
250.22|250.6
425|515
707|357
403|518
340|250
536|560
998|V64
198|174
250.01|70
685|401
250.11|560
198|591
788|625
796|E942
250.53|362
584|303
276|789
303|788
250|784
198|486
8|496
424|584
428|728
723|788
585|721
998|277
493|278
427|317
782|276
560|496
491|53
560|386
444|444
V45|401
799|698
V58|V13
560|574
428|250.12
288|799
710|250
278|701
404|425
V64|414
724|720
511|584
396|496
413|331
V49|522
424|290
401|112
285|396
250.01|403
250.81|V42
786|599
453|922
401|784
567|486
715|836
799|424
427|438
998|433
593|596
276|813
491|250.4
728|275
536|8
493|280
794|305
250.6|285
397|250
756|250
805|805
456|250
781|342
786|784
438|733
434|305
383|382
577|303
601|788
780|958
250.02|412
V45|V43
745|785
577|786
532|783
283|401
414|250.4
332|596
496|512
250.8|492
560|780
117|198
428|995
280|427
583|403
562|455
574|285
295|625
303|790
788|492
557|518
250.6|707
648|250.41
585|434
427|924
789|789
493|V43
873|250
295|V64
250.01|458
403|355
354|959
403|511
496|714
730|785
682|620
348|342
285|564
401|438
296|453
396|518
492|433
276|356
260|41
345|491
250.01|518
596|496
250.82|401
781|599
250|426
401|596
590|403
496|41
280|560
250|242
276|344
427|198
733|727
250|306
491|485
309|244
414|280
272|577
427|571
786|511
847|924
428|729
428|459
584|482
413|780
155|789
250.02|438
714|427
573|571
493|8
E915|438
344|250
802|250.42
337|357
250|348
783|719
401|250.01
620|568
426|?
E934|724
492|250.93
599|511
242|413
303|496
304|250.02
V43|263
298|401
342|437
300|?
788|707
511|411
E888|250.92
648|664
250.02|924
920|E888
41|707
564|V10
719|250
560|682
296|733
824|E881
424|733
427|461
429|V45
599|V45
486|473
427|255
285|446
410|416
592|617
416|585
296|971
250|478
250|70
865|805
785|731
425|E879
403|790
276|568
285|E888
647|V25
250|228
788|250.92
250.01|617
250.52|276
455|401
485|599
E849|332
584|284
568|285
112|112
196|428
466|276
284|287
424|997
250.02|492
305|780
958|282
425|112
596|584
309|309
250.02|996
447|401
440|276
303|291
493|428
342|V08
293|401
428|342
571|576
250.5|401
285|511
496|162
287|41
E905|250
491|V15
427|242
492|414
295|E888
250|440
482|511
426|272
682|112
515|518
425|239
537|V16
276|349
202|401
593|585
344|344
416|250
512|135
599|789
8|250.02
250|536
429|414
585|584
426|496
458|562
402|250.52
599|592
135|728
276|300
719|V54
491|996
250.02|784
451|250
V54|250
295|455
415|518
427|725
456|585
435|401
537|276
250.6|263
427|211
780|250.92
996|410
591|276
518|286
781|E947
424|V45
707|38
568|272
250.13|285
682|280
E939|244
284|427
493|519
427|311
574|250.6
906|250.6
V85|458
284|196
304|722
428|787
493|V85
496|721
780|402
296|710
425|799
263|250.81
E944|780
272|311
785|300
304|250.22
427|284
41|453
680|496
515|V46
782|368
955|882
E878|250
682|440
781|584
V43|781
410|425
850|584
285|E928
780|438
250.01|584
493|41
426|593
892|E920
581|584
413|276
250.6|440
294|995
599|342
E933|174
284|250.01
577|287
569|455
614|V45
521|401
491|507
255|427
585|514
112|787
428|250.6
427|785
618|272
535|250.02
292|41
275|276
715|780
496|727
357|250.7
?|276
584|286
70|70
311|272
785|303
998|288
496|295
481|250.02
431|276
280|41
250.42|427
458|427
728|V85
789|790
428|297
278|250.6
567|577
403|681
454|250
250.7|785
424|199
162|780
492|V49
510|425
585|455
998|427
280|996
404|584
41|465
185|414
296|V62
496|722
781|780
250.8|V58
403|263
599|694
493|530
288|403
250.6|411
552|496
428|238
595|197
285|196
584|682
285|411
569|172
250.02|35
486|278
518|682
532|427
E942|285
402|427
682|457
424|340
576|784
428|710
577|401
584|250.4
625|618
250.02|V66
427|722
714|?
428|719
790|707
41|428
197|438
414|535
E939|276
789|V55
558|327
312|401
8|275
998|627
715|734
397|414
682|296
296|305
595|788
285|571
707|250.01
38|998
426|424
250.13|V46
998|401
511|491
304|309
250.4|581
426|558
790|250.22
301|296
311|V15
780|286
456|276
E934|280
276|174
70|722
780|E854
518|530
340|493
424|416
515|115
808|805
578|204
285|560
280|786
282|244
680|414
585|250.7
574|425
719|780
441|401
250.6|724
203|427
250.13|435
438|781
112|482
200|276
496|453
496|530
250.01|792
250|458
301|250
342|787
996|38
250.52|362
493|425
411|820
864|401
780|V15
432|780
250.03|293
8|428
515|996
496|578
444|496
250.02|722
303|296
250.03|V15
428|595
250.01|8
584|38
998|493
280|581
244|274
197|250
357|730
435|784
290|428
794|564
198|197
276|250.42
276|465
305|518
785|730
530|791
307|438
411|343
278|627
511|710
794|203
577|486
424|426
873|369
759|473
997|250.02
414|425
198|790
786|412
250.03|403
332|V15
599|433
428|327
250|185
414|584
285|784
710|285
V15|278
496|784
E935|274
41|496
446|599
413|403
821|824
196|574
275|252
996|482
585|340
784|427
414|285
433|427
614|401
162|493
250.6|491
493|V58
516|250.02
250|733
920|401
789|70
458|433
959|E888
578|562
496|404
997|618
730|424
428|991
571|584
211|530
293|585
491|793
233|250
785|584
492|780
403|280
532|287
535|723
340|414
E878|724
300|491
592|250.01
807|250
389|250
171|285
493|338
242|401
V03|?
425|578
382|351
682|94
70|906
250.02|403
466|428
729|428
416|423
401|274
250.7|682
196|197
250.41|581
780|288
881|E885
787|788
682|250.8
728|403
738|V45
733|285
428|V42
397|799
998|?
413|789
433|401
707|332
511|707
648|653
780|433
250.51|585
424|564
198|263
428|E929
438|427
455|562
461|787
792|250
41|348
300|788
496|E822
195|V10
427|185
599|331
250|327
721|724
599|244
250.01|E933
596|599
E950|300
996|996
8|250.7
348|293
272|?
424|578
728|250.03
584|414
196|276
8|443
516|53
456|403
427|E849
715|424
305|V12
250.01|824
997|434
162|276
577|272
707|490
280|496
621|627
427|824
319|521
440|?
272|412
411|440
715|719
250.52|250.7
403|394
427|570
250.11|250.41
421|425
437|342
174|434
403|562
V42|492
492|272
250.82|414
799|250.02
348|584
577|998
924|E888
682|E916
250.6|250.12
250.01|648
682|228
154|V58
784|342
304|794
577|250.01
433|507
787|414
560|427
998|785
574|493
590|112
346|401
707|826
562|414
579|250
250|V49
428|805
203|E932
285|V10
794|785
280|997
995|327
780|812
413|595
298|294
496|490
V10|305
972|E950
616|625
996|250.42
250.92|496
518|295
786|787
250.02|723
728|426
786|?
425|707
812|305
518|478
595|733
496|412
41|458
401|786
530|250.6
648|250.02
446|276
599|621
?|427
287|786
401|840
577|518
250.8|53
286|294
492|303
786|490
585|E879
204|428
200|284
492|E885
V63|250.52
250.01|535
203|413
585|410
294|969
276|309
197|426
491|569
287|473
599|704
250.8|731
250.5|250.01
153|401
340|41
250.01|354
296|301
866|861
584|151
785|414
794|723
425|514
401|424
511|438
453|E927
564|780
730|E930
466|V58
303|728
290|402
486|580
719|729
571|593
569|724
453|V10
805|808
304|162
466|E849
276|543
729|414
785|585
780|349
?|278
250.8|294
250.01|244
736|V43
285|788
425|294
V45|585
238|284
996|250.13
491|790
682|173
348|799
357|276
511|998
250.8|696
560|790
E878|V09
250.82|496
786|255
250.03|599
295|428
276|492
403|466
421|403
433|250.7
287|784
599|197
403|70
493|V10
285|716
250.7|250.6
789|425
426|458
584|411
401|794
496|304
780|E947
323|278
493|250.11
284|276
410|402
996|250.7
593|285
432|342
V44|250
204|287
276|681
826|250.6
250.01|501
250.02|288
156|197
411|426
250.8|788
304|V15
486|492
70|250.4
424|511
276|250.43
276|881
486|348
403|284
682|596
294|426
413|573
275|311
427|713
496|V57
362|401
276|343
287|V10
276|253
403|515
416|784
562|716
786|491
250|807
283|284
E818|278
707|457
263|304
250.93|730
276|704
577|997
444|428
730|250.6
496|433
969|E950
518|197
250.8|344
424|E878
305|599
276|564
426|362
584|466
428|438
425|426
625|343
733|905
585|8
362|402
682|916
413|396
433|V58
805|250
286|250.02
496|227
250.8|E849
716|496
577|574
493|466
581|V58
425|250.92
250.92|345
518|E938
276|293
427|531
189|591
250.03|518
478|518
276|250.12
250|34
577|573
518|287
728|424
250.82|571
250.02|608
714|401
295|786
604|250.02
781|272
785|250.02
174|196
496|611
276|455
707|250.2
42|250
785|276
998|722
998|E878
250.6|591
564|V45
584|785
437|331
414|274
788|427
272|458
486|287
730|276
491|424
292|786
485|401
410|786
285|295
411|327
780|707
458|250.6
287|295
813|401
820|913
304|723
507|276
276|V18
730|250.8
599|569
366|780
303|250.8
780|425
682|693
413|298
572|466
396|493
338|250
292|998
493|294
E878|440
424|999
567|569
285|250.03
493|473
428|332
250.93|401
788|594
V45|272
V62|V15
250|281
486|345
277|278
250.8|273
292|585
707|713
424|461
682|286
599|252
906|351
8|V15
486|799
599|593
250.6|945
584|280
348|507
263|285
515|492
428|745
996|424
518|574
486|588
292|250
425|E885
516|428
280|300
560|560
309|300
427|455
250.03|646
250.42|404
424|250.8
250.02|487
E944|496
424|595
303|250.02
421|427
162|453
223|486
276|E885
276|705
590|250
815|?
425|301
280|578
414|238
250.02|660
459|459
250.01|593
396|401
728|584
493|V12
250.02|813
291|496
780|995
250.82|377
481|250.6
585|284
780|348
844|?
784|272
427|394
300|250.42
38|785
567|153
707|681
496|751
250.2|745
574|567
278|724
584|70
734|250
340|681
591|285
V85|719
789|250.8
496|308
413|491
785|426
648|670
595|591
285|532
599|725
780|727
790|288
707|934
560|459
250.82|730
850|920
403|416
296|V12
278|403
250.6|493
397|472
414|715
414|746
197|151
444|440
162|331
276|357
250.51|614
305|530
719|596
250.81|730
287|458
154|292
420|453
785|250.6
721|721
577|571
596|437
616|617
567|401
70|568
296|E849
198|251
V45|788
511|997
292|280
788|250.12
428|514
440|V58
250|298
112|577
295|518
286|V58
682|135
496|198
290|250
995|511
599|490
402|378
414|309
309|250
289|458
340|710
603|428
401|V18
799|303
401|535
456|303
250.02|893
998|617
787|794
790|786
250.52|250.42
518|358
414|327
571|286
446|8
348|599
996|401
724|737
404|250.01
295|799
V43|414
691|250
198|250.51
807|873
250|473
250.42|250.6
824|401
707|280
287|682
571|496
250.93|303
191|250
413|411
E935|197
424|253
782|414
250.81|416
599|715
250.7|998
332|250
112|250.01
784|496
38|585
591|578
782|401
494|447
305|54
792|531
286|427
276|250.22
250.6|682
999|916
403|275
786|250.92
682|459
250|259
94|413
425|438
403|E849
496|610
250.8|426
997|453
496|426
285|787
250|583
255|276
411|486
707|404
507|428
782|578
250.43|584
780|518
496|789
250.01|305
305|571
785|786
595|616
578|443
496|593
434|403
414|331
284|112
861|276
780|327
710|424
250.02|307
276|725
250|318
518|163
591|250.6
599|V43
611|E849
590|280
428|725
402|272
V42|250.51
707|794
250|410
723|781
444|250.02
250.02|280
411|280
530|787
577|357
567|571
250.4|?
276|338
821|285
493|686
V42|491
277|403
428|607
403|595
599|782
205|780
482|494
250.02|707
42|496
197|486
530|300
285|453
934|401
780|346
574|519
427|310
276|307
244|401
250.01|663
733|682
285|288
626|626
865|860
428|560
574|250.02
250.01|653
250|256
453|518
250.52|518
710|616
342|250.92
250.51|426
V85|276
780|924
427|327
997|491
881|250
38|578
576|576
403|286
305|275
416|397
295|707
250|607
368|438
285|E880
425|250.8
616|218
272|331
263|427
250.6|70
511|530
428|789
250.82|427
496|437
250.92|276
515|250.01
682|790
428|581
788|286
285|250.12
492|568
162|327
599|412
780|794
319|V15
276|250.7
566|578
298|787
782|285
198|250.5
424|707
250.02|204
572|276
428|?
340|276
585|280
204|284
304|424
584|519
560|V15
566|995
528|250
427|558
157|276
250.03|305
304|496
813|E885
276|42
596|401
244|280
486|112
568|414
428|290
301|401
401|465
581|276
711|707
531|427
998|41
493|726
250.6|917
250|867
250.03|414
823|821
298|780
733|276
303|682
486|41
155|532
919|789
282|250.93
599|E879
202|284
535|562
V10|788
250.81|401
428|263
437|427
571|595
415|558
435|E947
E849|428
576|197
599|253
427|618
493|135
293|599
?|703
E888|V10
358|244
577|291
592|296
285|V45
157|780
272|274
729|V10
403|94
864|250.01
807|781
785|496
250|V64
301|244
560|787
518|577
295|599
201|584
250.02|724
280|242
300|290
402|201
880|881
287|403
79|376
780|571
250.12|410
729|780
578|211
787|?
153|250
435|285
278|250.01
287|496
250.01|412
623|250
403|V46
280|272
698|E935
733|486
808|8
250.03|577
486|569
786|461
860|285
415|560
295|280
710|493
511|786
718|250
785|840
332|562
852|E825
444|998
574|569
291|311
411|E942
730|453
573|710
287|413
70|250.11
278|278
724|V43
285|440
189|196
575|250.02
707|788
404|780
428|429
401|714
291|577
V10|780
780|719
682|695
276|781
V54|V58
250.02|600
486|157
413|250.92
558|787
707|443
492|276
296|707
250.7|V49
780|824
250.03|272
611|610
786|296
70|8
411|433
410|41
E814|E849
V85|285
250.43|585
427|729
496|443
272|477
486|682
70|401
578|584
511|415
850|518
585|405
196|788
276|715
250|V16
208|401
403|332
365|401
595|518
403|441
530|593
805|296
344|336
250|781
284|486
707|458
750|553
753|412
511|331
491|511
112|250.41
276|345
535|553
482|493
427|E942
276|797
250.6|995
250.7|250.42
250.01|110
V15|414
250.92|211
425|411
276|240
493|799
284|784
437|250.02
401|553
500|786
493|998
41|709
E888|283
428|434
459|41
441|780
616|250
998|414
440|681
415|584
592|711
433|496
233|401
585|162
567|789
295|787
584|225
553|427
337|458
280|411
492|494
205|287
701|278
198|185
535|535
492|790
486|E965
486|250.42
250.92|403
486|593
431|162
250.8|E947
276|V85
305|278
569|285
416|278
427|436
784|305
427|250.4
729|401
722|721
511|285
682|263
296|599
402|287
813|998
8|511
491|593
427|535
787|599
200|250.01
584|319
707|790
491|578
276|384
867|599
441|584
41|E878
276|327
70|304
V42|426
135|571
996|867
490|250
608|608
462|319
722|493
438|403
873|E819
E934|428
491|403
724|789
E944|401
550|285
492|599
813|841
285|413
681|727
593|433
280|E849
713|682
250.5|250.8
V58|616
250.1|401
202|V46
470|305
780|250.7
682|794
438|344
428|490
250.02|V46
250.82|250.42
440|424
711|730
998|585
V70|250
850|780
707|279
574|424
293|275
394|496
197|V44
585|530
250.92|585
787|455
250.03|654
280|571
512|162
303|292
403|440
458|V58
260|428
E849|331
292|599
287|426
V58|289
278|599
301|295
564|V58
805|E888
599|616
428|197
276|583
493|V46
861|865
263|577
711|682
496|473
357|203
567|511
285|208
518|453
202|283
428|162
250.8|536
E878|250.7
571|414
276|924
414|782
276|710
577|414
780|340
204|163
807|250.01
599|719
309|E947
E932|725
482|518
486|294
320|70
599|573
348|414
585|294
786|41
531|496
789|416
276|696
250|293
250.03|244
244|414
682|242
211|787
437|428
285|593
441|425
197|157
599|E944
292|333
560|411
54|428
425|530
403|153
427|434
560|599
496|263
411|416
707|533
592|250
250.6|530
496|345
404|250
263|799
599|V54
250.01|437
250.02|790
453|239
394|401
396|453
286|590
491|784
250.4|V58
401|696
153|276
995|590
577|782
238|782
155|275
496|V10
728|465
280|799
585|303
V85|465
250.22|799
286|285
357|338
568|794
196|278
250|725
296|?
174|511
E878|414
707|996
250.02|201
995|410
427|398
599|112
780|270
790|427
482|482
110|41
157|250.01
425|490
453|585
242|627
250.12|528
335|401
276|490
V54|285
197|188
E884|E849
157|V45
493|250.01
295|296
562|434
424|331
294|276
250.02|560
272|276
440|682
444|401
279|530
413|997
585|41
788|560
593|V42
707|204
V58|276
493|250.92
416|424
564|?
197|162
250.81|427
V45|427
V85|412
486|296
295|807
719|E888
780|199
958|250
413|511
808|138
515|458
710|478
492|794
250.43|250.53
54|250
250.92|428
840|401
411|787
511|198
403|710
250.03|E880
599|348
440|250.7
724|427
707|V58
553|564
204|285
295|301
518|410
786|715
272|244
285|?
286|788
995|584
V70|433
162|512
996|405
365|361
428|378
280|415
428|V46
427|831
250.83|780
305|789
250.11|250.6
305|42
E858|294
401|238
627|401
411|V43
707|715
286|425
486|784
438|787
584|722
250|E932
426|242
427|573
203|998
284|286
276|E849
396|427
316|692
250|403
575|568
569|300
357|300
434|440
490|285
780|726
590|515
156|198
403|V15
V85|466
V09|496
401|490
682|256
682|710
427|601
998|E849
250.6|719
250.81|780
8|285
162|357
786|305
578|436
585|560
342|332
54|V15
309|305
780|V10
727|425
428|458
786|789
424|389
481|585
917|599
427|402
285|729
518|250.5
250.03|110
285|402
263|414
759|401
707|294
287|397
558|276
203|287
196|170
780|301
436|401
784|198
272|429
151|568
518|8
403|189
480|401
511|585
786|250.9
291|535
911|786
154|250
786|V43
292|250.02
135|599
287|396
575|250.6
255|300
555|427
780|530
238|593
590|414
276|250.11
882|401
280|780
276|581
278|427
250|515
428|916
278|296
567|250.43
292|590
492|562
189|285
263|197
288|401
250.42|585
332|427
584|203
250.02|110
998|707
707|402
625|614
295|70
566|682
731|707
753|401
560|425
427|800
808|414
531|562
440|250.92
411|250.92
295|788
E888|403
258|569
403|235
576|577
250.92|414
250.81|491
285|738
593|V58
V57|V43
V85|41
518|447
V42|112
536|577
250|289
989|414
585|536
348|518
586|272
428|788
427|517
496|591
303|577
785|205
707|447
401|70
353|433
424|681
403|250.51
403|437
568|598
789|733
295|562
403|574
289|496
V66|413
799|340
784|346
453|53
294|991
487|272
535|250.6
250.02|578
680|250
250.82|255
573|250
998|296
821|E879
305|492
403|E879
E880|E849
573|789
250.33|276
496|193
585|719
250.92|244
250.8|345
599|730
428|279
682|250.82
705|648
569|250.02
780|725
518|E880
424|162
162|491
615|276
242|722
250|246
157|198
401|250.83
788|403
788|294
626|V15
574|278
788|788
285|E878
514|427
288|785
607|V10
344|414
518|396
403|305
682|V49
V42|250.53
250|457
438|250.02
414|305
434|788
250.52|280
411|785
277|250.6
309|278
441|250
519|305
284|41
413|244
V65|278
250|873
453|440
456|305
250.01|434
112|79
560|452
491|300
404|491
723|518
410|250.02
556|287
276|709
487|250.42
280|458
711|453
295|486
920|E812
730|998
332|331
693|E942
425|287
730|401
724|738
403|296
V43|138
496|112
518|611
491|519
112|272
204|790
574|584
250.83|496
996|753
162|244
425|285
571|V49
493|682
280|788
250.92|E885
805|276
892|E906
8|E931
278|682
402|V58
496|719
284|E933
733|428
788|424
202|511
736|244
427|784
433|280
401|V12
250.92|599
444|958
820|E888
591|198
295|728
591|V44
496|438
285|246
707|578
496|715
860|861
349|585
451|250.4
250.6|625
94|401
403|252
250.83|250.6
250.23|280
196|569
250.02|397
780|593
41|403
574|995
607|607
365|250
530|250.92
585|444
552|568
250.83|585
E932|780
714|250.4
531|E878
535|569
611|V45
V12|V58
787|112
276|569
496|174
788|553
348|427
599|794
94|250
424|719
681|V15
410|E878
200|427
289|780
560|250.5
53|276
E880|414
873|401
250.5|V58
200|780
491|V10
789|403
873|E888
V61|?
581|305
296|250.01
70|496
E888|424
515|424
V57|427
789|493
578|599
496|562
250.43|581
599|404
256|250
738|401
E928|185
378|378
427|443
157|250
250.01|574
305|786
583|585
250|V18
41|553
305|300
560|197
250.53|V42
996|560
250.01|138
458|787
E935|41
458|285
250.02|575
332|250.6
562|531
250.02|301
250.01|250
786|250.6
496|303
V85|250.02
789|288
250.03|882
285|280
112|465
V45|593
710|112
600|278
780|511
780|411
E942|250
626|617
188|595
357|250.6
250.01|451
486|286
286|562
574|273
424|300
584|751
428|288
799|250.8
785|571
996|305
336|V64
599|189
789|278
847|250
287|287
284|E849
401|443
812|812
560|250.6
E884|290
535|427
250.41|642
578|786
515|486
V42|425
574|V64
784|781
250|788
536|599
413|493
577|535
250.01|658
V57|250
250.03|274
E880|401
V65|401
V42|284
725|244
999|724
780|300
197|189
785|425
250.7|414
692|250
799|415
482|427
V58|311
808|403
250.01|562
577|491
174|198
276|E888
805|253
211|455
280|E888
873|923
368|305
250.02|284
427|174
780|244
496|457
403|356
295|345
707|287
V10|250.6
496|574
456|789
577|438
401|790
571|V42
852|851
280|593
724|493
253|424
250|V03
788|996
396|681
401|441
276|368
250.02|402
250.01|642
423|272
278|757
298|250
250|V62
287|250.01
567|272
235|443
250.42|414
196|287
413|287
596|585
303|E888
453|287
745|227
781|250.02
9|280
295|331
293|402
V85|788
250.11|303
E885|840
440|285
481|518
801|496
780|E858
V43|428
250.6|599
196|599
410|607
296|458
567|287
496|487
402|477
820|285
293|294
272|428
507|585
453|185
E935|E849
428|E880
70|584
250|555
162|189
290|331
596|788
8|785
250|736
428|395
E821|250
493|490
288|305
595|233
250|466
41|716
425|596
415|444
496|531
250.02|969
493|745
305|285
263|151
411|682
493|284
560|997
486|519
808|E888
E932|E849
486|V46
722|722
995|250.82
280|E935
466|401
250.01|294
510|511
276|E904
410|V12
205|428
41|250.1
864|850
567|997
357|574
746|411
204|303
515|427
70|E933
794|786
E932|278
719|285
E942|250.4
486|562
286|428
805|850
250|787
584|591
V65|425
511|250.8
426|997
787|305
428|250.23
280|412
368|401
799|786
427|331
348|331
162|733
303|456
709|110
491|250.41
244|301
820|496
790|278
250.12|535
41|593
410|584
440|584
642|250.53
295|794
711|250.6
415|682
305|402
303|692
787|579
250.01|571
428|746
519|799
250.92|948
431|427
924|E885
574|291
530|536
401|730
599|487
723|250.02
585|595
250.9|278
410|208
198|287
70|789
789|569
250.93|490
710|780
852|599
808|807
808|599
427|E934
428|591
881|296
303|263
250|362
453|202
401|491
584|V42
507|707
496|552
585|492
250.8|447
V58|412
784|244
185|250
250.8|V10
574|305
250.01|737
337|786
574|737
291|41
611|786
999|414
682|958
305|284
42|112
401|360
553|V85
781|428
913|?
648|54
444|681
511|493
250.02|286
790|421
396|276
277|41
518|590
V65|250
585|288
291|276
716|790
782|?
198|729
310|250
303|41
786|453
41|?
E919|354
820|403
682|?
250.42|453
425|458
174|599
427|391
425|787
423|V45
276|V10
255|301
403|447
424|466
250.01|608
516|112
157|305
427|437
552|401
250.03|714
425|244
250.41|682
486|284
428|319
989|278
423|413
280|614
448|784
250.82|491
997|401
413|584
480|787
403|398
571|780
425|593
401|715
611|724
599|288
424|280
435|244
112|437
250.02|472
E888|272
E879|250
286|244
405|173
493|E880
V43|E927
348|995
197|285
285|340
305|424
278|V85
707|8
285|720
518|799
162|518
824|250
214|250
482|599
250.13|427
518|495
250.6|V42
435|428
491|516
304|428
722|724
536|530
493|250.82
403|250.8
41|289
581|786
E879|401
570|511
340|584
250.01|789
403|535
427|490
787|E931
599|V10
446|287
492|710
250.01|920
136|250
721|715
112|491
292|295
193|250
560|486
781|331
204|593
401|250.9
799|599
401|V43
425|682
557|562
780|250.83
E879|425
558|250.6
250|477
493|162
996|V43
398|414
577|496
197|413
250.5|70
496|250.7
783|285
296|250.6
519|875
250|599
135|414
403|287
276|V54
578|153
491|460
596|596
425|202
V58|162
196|997
428|356
428|E932
411|V14
280|564
600|599
574|V85
579|V18
250.8|54
41|725
286|362
659|250
619|616
459|695
573|410
434|414
250.12|560
135|729
348|425
780|304
250|596
303|912
250.02|112
250|454
401|202
204|693
415|799
518|272
185|401
807|E885
599|357
453|V58
807|276
730|711
284|305
491|715
250.82|799
786|411
396|402
536|112
250.01|945
402|273
812|285
320|202
286|729
823|425
575|576
648|250.81
295|300
461|202
427|296
250|428
790|250.51
599|255
250.92|?
421|996
V02|V09
832|812
293|V43
275|309
312|318
342|458
276|255
518|492
415|707
729|438
295|805
397|411
599|337
250.02|625
250.01|721
276|459
785|694
710|714
788|V45
415|599
135|278
410|426
998|413
286|753
280|250.01
427|999
250|782
250.02|733
250.6|425
424|715
493|464
492|473
486|288
250.01|794
292|414
780|263
345|250
53|250.6
578|414
462|401
295|174
493|202
281|414
38|203
218|218
514|425
311|301
250.41|492
437|298
V15|272
453|272
482|490
424|785
592|496
996|558
420|402
401|369
250.6|250.53
402|412
707|466
427|709
250|433
428|792
218|614
461|250
711|274
356|250.43
278|780
607|786
578|556
726|401
515|428
E878|599
250.41|411
512|276
443|491
250.02|696
584|733
512|401
272|729
285|578
V46|250.02
V58|112
816|882
E885|997
585|462
881|?
427|591
276|516
277|414
250|437
276|836
285|E879
737|401
284|70
305|V14
583|?
682|807
845|250
432|585
707|729
276|261
486|70
427|250.3
410|490
560|707
496|413
512|591
345|996
416|285
112|599
491|453
112|34
575|428
362|185
462|593
250.02|473
426|250.6
425|831
292|780
276|413
486|291
493|411
599|597
486|996
790|599
491|785
428|205
250.92|38
710|715
730|496
250.6|922
704|?
250|333
443|300
711|250.01
434|413
490|?
577|582
721|752
518|317
493|403
311|401
491|112
591|280
?|591
411|287
560|578
300|271
438|288
801|458
287|570
474|780
995|596
511|272
427|600
428|530
296|311
276|473
496|250.6
285|747
996|41
427|473
444|443
285|568
507|250.6
601|599
566|305
285|596
416|425
E878|493
V43|716
996|334
38|263
428|179
614|250
298|305
250.83|342
584|250.43
799|198
290|368
E888|836
198|560
515|710
244|250.4
707|825
250.9|649
518|465
272|250.6
250.01|790
496|94
295|715
424|411
287|425
567|585
785|?
789|496
599|574
924|920
E850|V15
788|E888
250.12|V65
710|V17
403|E888
E947|780
782|425
998|442
440|581
428|V15
357|250.51
787|276
41|274
446|790
276|337
492|305
466|272
433|79
250.11|?
444|V15
562|285
428|284
250.81|585
923|438
753|573
620|250
730|425
415|V85
299|41
491|402
728|250.42
591|560
585|378
263|112
496|V12
413|515
997|997
787|311
292|E950
276|557
737|414
413|782
721|276
496|820
196|493
560|272
799|585
560|E849
70|837
512|250.02
272|285
845|496
515|536
162|511
287|437
998|569
250.03|582
682|295
707|V02
150|427
682|451
537|250.01
604|276
785|440
250.82|41
305|799
413|591
255|250.81
558|599
491|413
292|401
584|600
250.6|311
428|250.51
518|263
493|997
V53|428
250.92|389
788|250.6
968|E855
785|278
836|424
V58|V43
791|682
707|486
423|416
785|423
710|729
41|250.01
999|250.01
413|E931
780|V65
788|204
591|617
196|496
358|250.6
585|451
496|8
414|424
584|250.11
305|403
E878|787
721|428
402|425
599|577
453|307
250.02|486
250.82|682
293|496
276|279
682|799
456|70
250.4|787
358|585
997|285
250.03|648
438|250.01
276|714
295|335
693|276
196|998
250.01|578
836|250
112|427
799|788
496|596
711|599
530|553
34|752
414|V12
496|V46
218|625
428|531
780|873
V57|V54
162|338
411|V58
562|750
567|250.41
453|425
V10|412
730|790
600|596
593|593
745|250
272|300
311|293
287|518
788|496
710|402
250.8|250.6
202|447
345|250.6
276|573
722|250.01
591|8
585|438
162|492
466|493
250.12|V58
401|290
682|493
789|198
8|250.8
250.02|8
250|V09
280|715
788|567
250.4|285
202|458
V43|285
585|413
578|403
780|997
250.01|882
426|416
466|278
426|250.8
493|112
781|238
427|368
280|531
426|782
280|807
693|E930
511|423
38|250.02
227|401
571|?
443|562
850|276
424|710
242|684
327|300
276|250.41
V42|250.4
411|V85
404|272
250.81|530
785|250.13
V57|V57
E885|813
531|E935
719|438
411|703
785|295
786|162
599|438
780|150
780|298
738|250
585|V63
401|428
485|112
433|250.02
810|E888
512|492
205|250.02
536|263
V85|428
599|38
719|427
250.6|786
250|388
486|807
786|492
413|410
V42|250.81
416|493
196|162
401|707
V14|250
337|728
786|280
496|278
427|E941
626|300
707|153
250.02|716
535|357
458|301
94|782
276|250.53
424|593
218|617
401|433
357|729
434|585
424|728
496|V43
276|333
584|434
V62|402
491|995
255|571
478|591
E947|E849
577|427
311|309
530|584
584|590
428|350
288|465
458|380
277|250.02
507|518
626|401
958|414
403|135
496|922
E879|293
611|794
428|692
250.03|304
331|250.6
599|646
294|780
428|255
738|305
357|332
303|250.11
278|327
802|250
433|V45
263|70
250.13|414
410|250.01
413|282
E888|401
568|995
486|250.6
560|250.01
304|465
282|412
317|244
342|781
710|250.6
788|E885
432|E812
707|998
794|716
808|250
348|263
162|786
428|335
250.13|491
575|997
196|414
515|585
250.32|707
780|274
518|V85
995|250
403|401
719|V58
591|V45
301|297
411|250.82
729|427
496|331
599|435
154|197
584|648
905|V12
682|458
250.82|403
562|112
196|511
112|536
E878|785
575|599
568|311
348|348
250.43|V15
414|521
486|494
250|652
404|427
540|401
681|945
788|585
426|794
557|569
537|682
574|242
460|785
287|585
425|8
518|331
424|413
E849|562
787|211
293|250.02
199|414
601|594
446|427
342|428
592|401
301|722
411|284
250.2|599
820|276
336|722
401|459
280|250.6
157|199
327|780
428|331
V45|285
578|250.6
V58|403
203|473
300|V63
286|424
805|E885
V62|278
112|611
997|496
519|786
196|518
786|607
250.13|41
784|626
996|492
590|38
42|E878
719|V43
852|401
337|564
416|787
250.7|357
342|530
584|592
998|865
250.6|112
724|338
V85|496
250.02|511
411|295
E849|715
555|250.02
648|424
795|530
112|294
38|305
599|V63
396|V43
250|268
242|518
250.02|692
294|?
861|924
571|428
680|401
648|660
197|263
456|572
401|250.93
250.02|709
372|272
344|466
415|250
785|E935
203|584
780|486
250.2|453
250.51|403
577|733
808|585
437|438
425|584
382|401
276|V08
38|601
276|245
428|453
788|250.82
996|?
311|300
272|616
276|802
250.01|646
493|303
8|682
112|70
492|786
287|303
427|478
486|259
428|873
611|288
V64|401
250.8|433
493|723
276|E936
155|197
244|382
250.6|584
414|278
V60|287
592|593
250.02|251
V58|V58
288|197
276|627
433|786
250.41|785
507|995
487|401
E819|250
698|250
511|112
599|250.7
431|599
780|278
571|425
276|487
530|531
250|706
492|V12
574|428
575|250.8
599|250.9
585|996
V45|V65
?|272
491|286
784|250.6
41|255
41|604
285|E886
250.6|250.83
710|425
572|357
567|404
530|578
550|250
780|285
276|562
786|790
722|427
560|995
999|682
204|54
719|721
427|250.52
250.92|780
394|V42
153|428
730|V09
276|369
199|496
584|426
424|250.6
486|423
585|490
250|790
198|782
280|553
295|496
786|719
435|276
V43|V43
276|600
923|E880
358|518
535|571
250.1|493
711|998
250.7|581
303|584
294|272
38|250.7
724|V64
466|416
250.03|411
196|263
575|535
571|250.02
250|571
272|593
789|560
592|412
710|427
?|250.02
250.92|E931
707|198
556|518
153|250.8
415|416
997|250.53
465|401
608|782
348|E853
648|644
576|250.82
617|995
599|345
250.02|294
E884|780
453|396
812|?
303|440
250.8|780
518|162
585|722
340|729
578|238
414|438
434|401
599|296
250|338
38|250
188|276
276|196
303|789
998|V58
599|270
280|537
486|823
211|280
250.82|710
518|204
285|905
435|780
780|344
357|599
250.93|789
560|998
287|250.4
425|425
507|729
70|155
70|V42
413|477
453|203
V85|425
112|496
481|491
278|V10
429|486
428|211
201|414
250.92|V15
440|E878
444|305
780|562
368|781
707|94
447|276
250.11|331
272|459
250.01|307
250.12|205
707|V85
340|285
536|722
250.03|625
719|719
491|710
284|432
707|278
332|244
816|E885
850|250.01
648|641
250.8|403
250.02|531
250.02|E888
250.11|646
272|250.4
276|570
790|305
996|707
E888|427
566|250.82
437|923
920|910
427|250.12
425|412
349|293
250.8|531
285|294
411|560
401|522
996|396
358|V46
155|576
V10|244
294|493
250.8|293
486|272
456|453
465|518
789|781
787|250.6
203|428
799|295
733|599
426|786
410|585
250.8|E939
599|202
305|965
E927|707
345|438
600|250.6
496|564
V43|E885
411|250.4
790|518
348|411
564|309
995|250.42
824|E928
486|300
492|493
301|300
314|278
413|490
346|?
707|733
491|786
162|788
153|427
493|433
780|V62
825|E812
998|605
424|515
435|?
805|250.01
411|286
416|782
288|780
518|416
599|440
?|493
789|585
507|560
490|E849
860|518
707|728
599|821
425|V58
682|708
294|331
998|574
599|V15
305|427
162|135
784|E949
780|536
567|403
303|342
511|275
733|724
401|250.5
404|250.4
250.1|342
807|599
584|581
427|250.1
285|281
550|568
E878|V10
997|276
196|242
493|250.2
250.7|250.41
309|412
585|788
919|250
711|712
V45|244
492|244
453|511
611|41
311|307
136|428
110|403
441|441
980|?
E879|E849
250.51|428
373|305
453|198
453|199
287|590
722|585
959|924
414|491
574|492
305|412
427|189
491|V46
625|998
427|203
745|786
722|560
599|242
V42|440
153|293
276|250.81
386|733
296|244
250.01|196
706|41
250.22|584
428|592
38|250.01
560|536
799|466
821|821
283|250
578|707
284|203
428|296
722|599
681|681
805|305
996|440
E885|171
250.52|342
728|250
998|8
780|907
428|444
997|436
652|648
276|751
435|280
599|290
250.01|277
198|512
276|736
135|562
53|414
288|787
585|250.01
511|202
746|427
295|537
163|284
424|435
263|780
807|845
272|V45
403|293
425|284
466|310
519|506
576|530
250.81|41
41|278
250.6|435
786|403
781|250.82
250.02|426
E816|250
276|441
294|790
427|576
787|389
38|574
788|756
560|567
410|578
486|382
250.03|535
584|296
288|276
486|560
295|250.8
276|303
795|786
411|250.52
682|744
304|295
491|577
250.02|279
250.02|543
512|250.01
285|398
540|518
198|511
495|453
518|568
250|601
707|V54
425|272
285|250.51
394|250.92
996|738
342|333
728|250.92
681|707
153|599
276|214
585|203
250.12|577
211|41
584|250.82
342|368
584|410
250.22|286
486|648
707|436
441|414
250.02|715
535|537
435|786
781|788
305|453
197|562
567|790
8|780
411|453
415|486
434|714
785|780
434|518
434|715
553|278
250.6|729
427|621
780|287
456|250.1
434|250.02
723|780
403|571
252|241
996|250.01
486|786
250|799
425|337
427|717
997|999
426|70
794|780
V45|410
784|V15
8|424
250.92|799
599|728
924|923
261|401
280|585
995|486
276|348
299|250.1
515|205
707|250.03
204|202
34|918
244|427
440|8
278|646
591|562
300|530
425|608
250.02|382
300|496
425|466
569|785
515|E885
285|478
250.01|577
252|278
244|8
348|250
250.03|581
491|707
276|V12
V58|414
578|455
682|924
414|288
287|200
481|202
599|614
244|E932
787|403
411|404
780|459
593|403
491|447
250.13|250.6
707|305
648|250.12
453|250.01
496|500
413|466
250.01|916
576|532
369|?
560|396
496|560
424|562
799|285
590|300
305|560
V58|424
303|250.01
V58|V49
728|438
945|250.02
V62|303
250.92|250.6
453|151
250.01|873
250.8|428
305|287
403|250.43
V10|411
780|310
319|250
295|348
250|535
413|426
354|873
285|327
V62|305
276|259
491|307
250.8|303
284|584
V85|780
707|V44
198|112
812|822
482|38
327|250.6
424|296
201|401
799|560
572|285
722|596
728|719
296|780
462|414
785|250.42
293|780
250.01|251
303|428
309|401
434|250
202|496
584|79
585|E885
560|290
V85|244
426|998
571|458
255|253
491|250.8
566|250.02
478|780
707|425
250|585
244|722
276|E944
280|286
515|414
162|285
486|710
301|280
496|905
710|288
250|368
331|401
276|590
E883|272
250.03|425
491|V45
730|681
571|403
162|997
788|618
585|250.03
486|196
428|282
308|250
250.01|784
730|593
873|V58
154|284
585|753
446|518
11|707
486|304
799|7
312|317
518|255
208|414
585|305
580|403
250.12|458
272|786
486|434
250.02|705
995|733
789|794
746|401
288|574
535|211
250.8|V45
648|250.03
584|532
427|298
304|507
250.13|649
574|V42
696|496
578|571
428|V57
840|V64
784|728
738|560
560|511
276|250.5
153|492
276|131
446|813
252|250
707|?
V85|787
250.12|788
250.52|496
303|721
342|378
428|590
507|427
287|V42
458|403
416|403
293|112
428|921
496|197
782|412
403|244
340|427
E942|300
280|280
998|198
250.03|593
285|574
250.02|V06
292|309
511|300
560|V10
305|791
276|402
998|786
805|426
274|401
250|605
253|473
414|724
585|14
562|295
736|250
578|446
811|E816
197|724
465|414
591|288
189|511
581|401
486|997
V85|250.92
337|403
250.92|665
8|996
995|473
557|401
599|135
250.32|276
511|V15
530|511
486|V42
791|382
284|202
38|250.03
724|719
305|493
250|472
245|?
202|411
280|331
486|517
151|197
401|241
250.52|428
198|285
717|717
301|V62
430|780
730|686
V58|244
E885|414
272|278
845|401
331|V58
342|346
E936|E935
738|724
424|250.03
197|493
415|154
250.02|312
414|433
518|250.7
8|585
250.1|278
285|E819
607|?
250.6|V58
482|510
491|491
413|274
491|494
414|V64
296|280
997|432
682|996
276|E884
331|781
357|250
E947|250
398|402
564|300
515|784
402|250.6
507|491
578|250.01
493|569
680|288
710|710
424|394
759|459
415|202
550|455
599|600
242|250.52
595|250
790|202
42|286
511|E878
53|780
425|38
789|783
E932|250
300|319
998|425
578|585
723|401
272|585
611|414
E933|197
518|619
285|737
591|185
493|263
728|402
459|707
780|787
42|997
276|250.23
401|310
288|153
403|434
V58|569
250.13|575
280|287
486|787
511|599
595|780
455|280
599|250.92
426|238
410|348
276|204
788|433
351|401
786|294
577|584
996|426
820|862
250.82|585
578|300
41|250.03
197|250.6
250.2|584
404|414
276|340
250|372
70|309
E950|458
401|416
V42|531
996|E850
444|285
V45|263
E935|250
799|344
284|707
403|530
823|250.02
V85|250.8
332|493
584|250.5
356|722
585|997
401|682
599|E849
799|250.52
424|311
921|250
255|255
333|401
585|242
599|E878
?|244
250.02|781
202|820
150|198
569|493
342|278
185|197
428|923
785|162
244|250.6
562|211
784|E935
135|276
403|560
590|V58
8|427
424|802
250.01|280
557|787
496|117
112|280
491|327
E888|496
415|304
456|496
456|280
998|423
458|404
507|272
493|601
996|300
724|250.02
38|507
591|998
250|275
578|8
150|V55
433|331
295|250.6
491|396
465|428
799|780
250.01|553
250.01|915
401|788
453|402
601|596
576|782
197|250.92
252|427
250.6|V15
135|V43
585|338
359|250
112|278
557|250.01
585|349
304|276
250.02|644
250.22|342
681|250.7
277|250.03
425|517
303|278
355|924
V58|496
600|724
301|530
157|588
492|162
790|790
416|402
205|997
496|294
524|473
E939|496
493|714
162|401
305|577
250.51|414
437|312
174|508
250.42|428
998|622
578|787
E928|250
648|244
813|?
515|V12
788|710
788|272
285|486
414|714
494|202
496|455
305|410
785|443
196|789
204|427
707|27
250.02|514
799|410
789|8
250.6|303
424|433
493|585
507|250.41
805|E884
287|714
250.01|515
435|511
786|553
780|E944
276|552
682|917
250.01|150
515|250.02
297|401
362|250
783|742
567|276
569|560
562|214
250.01|682
560|285
298|295
198|998
531|537
112|493
784|351
250|794
753|728
70|250.02
573|536
349|285
441|799
V49|428
287|70
490|593
196|733
197|512
518|E878
250.01|881
414|V10
572|562
8|250.01
250.01|435
285|E816
412|427
785|V42
802|E816
788|?
805|707
496|V54
413|250.53
710|204
596|276
V45|530
515|41
581|428
112|263
427|726
486|250.01
577|250.12
250.03|466
250.41|414
436|428
586|782
253|692
250.02|135
250.42|593
599|301
E878|780
585|293
785|180
294|250.02
404|250.53
250|218
435|425
V85|402
536|?
997|807
427|724
694|401
E878|331
290|332
873|920
682|294
491|280
574|331
250.51|969
411|288
204|197
311|970
492|728
250.8|782
428|V64
8|293
413|280
309|V15
707|201
276|V44
V45|?
296|276
368|729
250.02|346
424|532
V42|424
511|291
303|438
435|289
E878|E888
820|428
518|466
444|823
496|726
197|530
562|486
V15|311
707|250.4
780|721
413|V58
38|250.1
558|785
595|E879
416|412
340|401
518|782
283|564
577|V15
276|733
599|453
276|271
789|577
571|272
574|577
780|493
250.01|415
573|737
278|790
162|515
564|E947
568|V55
197|584
414|410
493|250.53
998|153
403|438
197|518
553|V12
250.02|521
710|250.02
286|403
242|782
277|482
427|E935
781|781
331|431
807|E849
434|780
250.03|786
162|555
788|783
625|305
250.6|784
909|599
428|203
292|435
V85|571
250.8|278
446|280
344|250.53
314|250
428|711
293|285
255|401
782|250.02
661|V27
250.11|493
197|789
511|244
424|482
707|376
578|396
285|290
789|530
729|433
250|349
272|575
272|V43
784|780
996|250.4
E936|289
789|401
427|E950
404|V45
422|584
496|397
250|369
421|730
536|458
813|802
599|434
465|?
280|154
276|191
599|E934
729|359
453|415
94|707
780|V49
585|238
250.6|272
820|250.01
277|276
296|493
403|443
424|E888
585|138
E812|250
414|477
511|V58
707|711
V12|278
696|275
V58|789
41|493
E880|250
802|E849
276|94
287|E849
252|780
397|427
592|295
599|336
825|E849
443|V58
305|303
787|V45
414|365
584|112
492|250.01
998|724
252|530
411|596
202|585
491|557
453|?
293|E900
584|349
428|577
272|433
401|242
E885|250.01
368|780
594|716
532|530
726|726
721|722
599|279
278|416
287|300
V58|382
808|E885
569|564
965|?
198|428
300|250.6
286|280
486|250.4
276|E947
250.6|294
250.23|250.6
958|250.6
289|V12
295|560
861|866
428|275
278|276
278|244
41|294
276|423
112|348
204|577
785|331
250.02|E885
710|435
424|282
198|V58
799|530
707|398
198|192
396|250.6
425|462
278|600
E944|250
131|278
426|753
433|998
715|729
153|V10
250.41|427
414|?
V45|404
564|V85
516|250.01
211|427
789|621
414|794
493|204
496|309
280|456
290|285
53|425
278|250.12
426|295
518|V10
799|434
275|402
433|294
410|790
V85|785
591|250.01
427|196
466|V43
680|680
799|112
585|790
555|E944
285|218
462|305
307|250.6
386|435
V45|780
414|V42
572|995
682|424
205|238
995|562
410|433
481|250.13
250.8|E932
276|122
816|E818
413|438
218|568
70|403
682|729
E879|285
411|204
250.42|707
733|726
820|715
453|278
555|578
E924|E849
478|204
430|584
496|415
301|780
401|486
707|362
427|444
575|789
585|426
648|669
571|438
427|274
998|593
785|996
433|997
490|530
250|877
305|200
285|786
496|842
576|250.4
584|E935
574|799
487|493
V49|427
402|396
562|496
V66|250.02
780|347
402|250.12
E878|997
584|492
401|348
250.11|253
997|585
560|788
427|V64
250.82|595
996|444
780|250.03
250.7|250.52
492|438
481|204
453|150
596|285
296|427
790|E932
416|574
284|518
584|242
403|411
411|441
536|V15
447|440
682|250.42
518|733
799|294
813|41
112|786
300|V17
585|348
491|581
706|585
560|250.02
821|250.02
537|577
70|787
789|E934
574|789
585|295
172|403
432|250
403|V49
403|787
203|997
511|490
565|562
250.93|70
715|276
263|733
38|426
251|250
V15|724
599|318
250.13|730
312|301
466|788
518|V46
42|250.02
486|189
574|998
485|428
787|786
599|396
920|924
250.01|788
V17|786
785|284
251|250.01
38|780
287|355
794|?
584|433
276|53
786|698
318|250
V58|278
413|293
E849|278
V15|742
998|272
428|289
425|459
682|782
573|336
560|294
515|337
284|285
728|729
295|574
585|998
8|456
516|723
8|250
250.01|309
280|536
185|285
519|998
112|416
560|38
415|427
287|342
250.03|492
357|369
496|E935
567|E878
203|276
785|444
378|414
427|263
41|424
427|303
135|377
564|250.6
411|796
E890|E849
515|433
428|573
250|533
458|424
584|E930
428|494
V17|305
507|349
458|786
707|296
536|250
516|458
557|278
425|440
241|289
357|536
198|425
250.8|?
150|458
492|180
250.6|780
296|304
197|V66
285|197
402|416
285|V42
276|283
250.03|659
250|284
250.13|V15
304|780
250.02|892
294|437
402|997
569|569
780|466
276|507
54|276
496|E928
155|458
682|250.41
250.81|646
562|682
287|V43
496|717
V42|V42
578|486
403|536
515|402
413|558
403|578
823|780
574|571
305|70
276|211
286|413
197|397
599|332
345|428
135|719
285|752
455|536
786|331
420|426
553|401
821|401
444|997
250.92|707
496|E880
807|E812
332|250.8
202|V12
584|380
486|880
493|292
E878|E849
850|952
482|786
927|250
35|41
560|202
202|584
491|840
402|789
250.51|411
79|V61
E870|414
515|682
728|492
473|593
733|788
873|E884
808|280
53|401
496|730
584|263
634|250.02
425|278
331|710
284|135
789|427
E888|276
250.01|718
150|V44
486|250.8
558|V15
413|723
285|292
V54|401
816|824
255|593
285|537
284|238
577|789
294|V42
285|836
530|790
427|611
427|288
891|E818
250.02|533
924|E884
V10|785
493|788
608|250
496|429
70|567
V45|995
191|305
276|250.51
255|518
278|907
378|401
250|351
585|198
411|578
733|553
156|255
319|272
473|782
250.01|512
413|571
285|812
289|518
427|813
V85|416
453|397
427|577
852|276
581|780
276|156
562|995
?|733
342|440
397|250.01
574|784
276|318
571|291
197|V45
511|V10
285|726
429|729
620|401
427|783
41|599
202|403
287|486
518|V12
357|415
707|709
707|250.41
813|824
627|752
138|414
?|250.6
V63|785
403|311
780|596
552|250.6
284|V55
496|747
728|785
496|625
303|304
784|388
515|V10
790|530
413|733
571|218
722|738
696|250
491|357
401|275
250.03|282
997|E935
860|585
452|571
250.11|558
282|401
607|412
786|793
860|250
401|555
112|414
569|998
577|41
V58|272
411|294
250.01|694
188|250
790|E942
402|599
591|396
276|482
280|189
785|263
38|482
414|686
203|794
337|414
263|250.6
451|427
359|276
578|530
493|626
924|E917
654|648
413|41
426|781
591|996
404|518
E858|790
305|250.03
300|276
712|250
518|458
413|281
401|733
920|E885
41|211
807|786
518|535
785|530
996|112
453|462
280|530
250.4|593
162|?
518|340
293|799
153|199
V62|244
38|250.4
250|727
253|496
440|731
424|266
E935|424
591|596
805|401
250.01|V27
513|482
490|714
V42|272
E931|414
799|183
738|737
466|487
280|?
285|621
511|682
453|250.03
348|412
756|414
997|442
V08|250
250.02|648
591|788
528|401
403|300
861|850
34|414
427|604
152|707
511|458
276|480
E880|427
250.42|583
789|599
8|342
789|286
404|285
578|303
511|714
358|305
569|V45
575|410
285|284
782|286
441|492
782|715
482|398
584|V53
427|564
780|998
135|250.6
V49|403
260|296
286|719
297|250
428|562
196|275
198|733
592|340
584|435
E879|141
752|?
340|511
788|598
999|410
272|787
327|414
516|V66
780|429
584|601
403|553
584|438
414|348
682|438
423|428
344|139
453|784
E950|780
493|396
552|702
599|E880
295|250.12
719|V49
999|567
799|V54
220|272
560|585
198|585
507|482
518|558
794|412
996|584
278|784
410|682
250|357
438|414
781|799
8|272
473|477
V85|698
780|618
599|E942
242|786
319|278
250.42|786
304|70
491|570
E879|788
785|492
924|305
789|578
V85|493
217|401
413|337
558|414
556|255
79|250.4
112|V09
790|486
431|593
585|250.41
584|E942
V72|616
410|507
259|?
595|41
340|595
337|V64
515|780
682|356
531|414
250.01|816
646|648
311|244
491|571
507|599
280|569
518|278
250.13|584
280|618
790|892
785|272
574|340
787|E938
138|427
403|799
250|789
250.02|359
492|250.02
250.6|358
707|255
410|511
288|591
404|250.6
250.13|252
348|780
571|790
278|250.8
870|810
112|535
296|414
518|824
493|707
428|955
924|250.7
820|410
822|E880
280|235
289|287
682|714
250.13|996
416|426
396|250.8
396|287
496|332
411|250.7
255|V58
745|401
151|560
250.92|V58
340|263
V42|V45
285|286
250.01|560
V15|V10
153|196
786|54
135|536
785|402
357|250.4
294|285
414|250.52
780|362
70|E931
276|969
324|263
250.92|300
873|873
413|V42
250.01|883
413|340
V85|386
882|E906
250|682
233|403
295|444
493|V54
250.12|38
V54|599
198|788
493|296
578|574
342|250.02
496|410
286|714
578|694
911|916
197|403
356|285
250|783
284|572
250.42|413
38|E878
250.81|?
785|250.4
276|V49
593|780
593|414
459|787
38|250.41
425|197
596|41
459|70
398|425
585|9
584|250.92
427|349
424|386
288|437
641|648
996|452
356|250
707|426
426|410
934|414
577|250.8
567|V15
786|996
327|285
340|250.6
783|787
279|311
250.21|413
411|458
860|865
293|428
E947|276
427|625
427|E878
733|719
987|493
295|357
403|369
781|427
304|278
112|591
491|E885
486|8
348|285
427|153
250.81|8
285|892
730|443
V42|250.41
188|788
322|564
522|401
V42|707
401|536
453|305
518|618
530|285
714|V58
304|724
519|787
913|401
577|576
292|682
566|250.83
401|782
288|577
E888|780
411|282
599|595
285|E935
242|428
478|716
999|459
250.6|515
576|496
250.01|805
794|794
466|250.02
415|496
585|110
465|250.6
462|53
511|420
560|280
788|53
250.22|531
292|292
425|208
38|41
568|575
518|786
276|205
202|522
41|535
511|413
425|724
E888|331
218|618
786|250.4
295|112
70|490
490|784
718|401
492|707
428|303
681|917
623|623
311|290
344|276
403|570
V65|?
599|718
486|295
263|280
70|411
338|185
372|724
797|250
784|V45
410|728
401|440
250.92|V45
923|570
787|402
8|79
786|E944
285|782
V55|41
250.02|785
682|404
799|47
584|557
162|414
332|346
780|357
466|569
203|593
70|295
41|244
155|401
438|287
486|426
396|438
996|590
585|E942
357|298
780|V42
250.52|244
250.03|511
466|786
E917|250
414|745
263|585
432|250.5
789|112
593|250.01
584|368
E879|233
682|515
250.6|312
492|250.42
532|285
198|412
717|726
288|560
416|327
617|625
198|157
250.53|815
411|V65
585|710
785|V58
198|E932
719|272
496|V01
289|E849
250|920
618|401
205|414
401|731
493|721
342|425
191|780
707|619
574|V62
682|250.51
250.01|492
252|783
560|792
205|284
996|70
153|E934
404|424
427|812
813|812
727|414
135|722
411|198
681|443
486|94
198|411
7|7
453|535
427|733
440|V45
607|735
V49|250
E950|250
428|151
728|348
514|414
250.92|715
5|250
799|305
996|157
741|276
410|440
511|532
733|578
250|654
996|280
707|413
?|530
412|780
250|626
403|577
805|250.92
250|V42
584|789
276|588
802|871
780|728
250.22|41
790|493
599|566
250.02|38
250.02|410
V85|535
784|784
250.6|577
250.02|465
711|204
461|401
998|112
781|438
571|424
425|416
437|280
250.22|204
42|591
250.01|716
584|535
780|?
496|576
840|250
204|283
413|E884
397|417
303|300
250.43|V46
403|298
401|V42
250|665
433|?
493|301
V45|250.6
V46|305
415|276
276|157
850|852
304|303
250.02|282
70|428
401|721
V12|496
250|358
V63|70
573|401
572|425
997|340
948|E894
567|707
250.51|250.41
442|786
311|305
586|530
558|272
585|70
396|599
397|584
280|V54
305|362
V12|414
301|278
574|303
750|411
8|579
719|276
681|882
482|799
285|V12
112|342
250.22|425
250.6|244
518|578
567|496
284|150
496|204
202|250.01
646|646
